ρ:        0.00000,    0.00000,    0.00000,    0.00000,    0.00000,    0.00000;    ξ:        3.53103,    2.08780,    2.05130,    0.04442,    2.09691,    3.67397,    4.56157,    2.57455,    0.28131,    6.78185,    0.17812,    2.05539,    1.76959,   -0.27025,   -5.35574,   -0.53318,   -0.97339,   -0.65820,   -1.18842,    0.04509,    1.43371,    0.13330,   -0.02427,   -0.38937,    0.73380,    2.07950,    0.31448
ρ:        0.00000,    0.00000,    0.00000,    0.00000,    0.00000,    0.00000;    ξ:        3.50637,    2.09299,    2.04929,    0.15025,    2.10949,    3.73277,    4.57450,    2.58969,    0.26927,    6.78351,    0.16830,    2.02344,    1.79019,   -0.26162,   -5.34965,   -0.52236,   -0.96907,   -0.65283,   -1.16947,    0.03459,    1.41567,    0.10496,   -0.02049,   -0.39004,    0.71499,    2.09695,    0.29878
ρ:        0.00000,    0.00000,    0.00000,    0.00000,    0.00000,    0.00000;    ξ:        3.55256,    2.08654,    2.05642,    0.02640,    2.09859,    3.75960,    4.50643,    2.54274,    0.27284,    6.78359,    0.17072,    2.04475,    1.73562,   -0.26382,   -5.30649,   -0.53012,   -0.96730,   -0.63756,   -1.11420,    0.01932,    1.42470,    0.12098,   -0.01429,   -0.37236,    0.72938,    2.11291,    0.28714
ρ:        0.00000,    0.00000,    0.00000,    0.00000,    0.00000,    0.00000;    ξ:        3.57049,    2.11374,    2.05793,    0.01590,    2.12108,    3.72839,    4.74578,    2.64369,    0.27291,    6.74501,    0.16359,    2.05052,    1.79583,   -0.32018,   -5.44488,   -0.52508,   -1.01434,   -0.67018,   -1.14192,    0.03633,    1.45392,    0.17980,   -0.01524,   -0.36851,    0.69751,    2.10165,    0.28798
ρ:        0.00000,    0.00000,    0.00000,    0.00000,    0.00000,    0.00000;    ξ:        3.56474,    2.09023,    2.04622,    0.02051,    2.09196,    3.72235,    4.59342,    2.61333,    0.27932,    6.68254,    0.18866,    2.07015,    1.79583,   -0.32900,   -5.32359,   -0.51810,   -0.96932,   -0.67318,   -1.15668,    0.04761,    1.44996,    0.18970,   -0.02108,   -0.36967,    0.71967,    2.08184,    0.30056
ρ:        0.00000,    0.00000,    0.00000,    0.00000,    0.00000,    0.00000;    ξ:        3.53474,    2.07590,    2.03672,    0.03296,    2.10155,    3.77748,    4.57804,    2.59626,    0.29113,    6.78244,    0.17212,    2.05699,    1.78556,   -0.28418,   -5.34353,   -0.53537,   -0.99887,   -0.67849,   -1.13757,    0.02969,    1.41813,    0.12333,   -0.02092,   -0.39263,    0.73413,    2.15152,    0.30036
ρ:        0.00000,    0.00000,    0.00000,    0.00000,    0.00000,    0.00000;    ξ:        3.56704,    2.11565,    2.05430,    0.03199,    2.09096,    3.73817,    4.53939,    2.55723,    0.27808,    6.91065,    0.17887,    2.07030,    1.77309,   -0.30140,   -5.37903,   -0.50847,   -0.96536,   -0.66874,   -1.16994,    0.04144,    1.43157,    0.15394,   -0.02311,   -0.39082,    0.71927,    2.12479,    0.29498
ρ:        0.00000,    0.00000,    0.00000,    0.00000,    0.00000,    0.00000;    ξ:        3.59859,    2.06794,    2.07622,    0.00888,    2.12909,    3.79034,    4.59685,    2.65541,    0.26978,    6.81422,    0.16667,    2.06833,    1.80989,   -0.27912,   -5.38462,   -0.53294,   -1.01495,   -0.66486,   -1.19140,    0.02872,    1.43427,    0.12812,   -0.01756,   -0.38651,    0.72790,    2.14159,    0.30182
ρ:        0.00000,    0.00000,    0.00000,    0.00000,    0.00000,    0.00000;    ξ:        3.55506,    2.11318,    2.05080,    0.02467,    2.10656,    3.71390,    4.68890,    2.58369,    0.27647,    6.81814,    0.16511,    2.06444,    1.77917,   -0.29241,   -5.43689,   -0.52386,   -1.00032,   -0.66287,   -1.14787,    0.04627,    1.43496,    0.14403,   -0.02210,   -0.38507,    0.70551,    2.11679,    0.29858
ρ:        0.00000,    0.00000,    0.00000,    0.00000,    0.00000,    0.00000;    ξ:        3.56811,    2.08066,    2.04026,    0.03315,    2.11703,    3.75891,    4.59226,    2.59402,    0.28694,    6.66244,    0.16846,    2.07154,    1.79700,   -0.30932,   -5.31336,   -0.52121,   -1.00070,   -0.67461,   -1.16495,    0.04581,    1.42580,    0.16497,   -0.02304,   -0.38345,    0.70886,    2.11858,    0.31173
ρ:        0.00000,    0.00000,    0.00000,    0.00000,    0.00000,    0.00000;    ξ:        3.57492,    2.13094,    2.05040,    0.04285,    2.11320,    3.76930,    4.52886,    2.57148,    0.27488,    6.71870,    0.17723,    2.05729,    1.74389,   -0.28919,   -5.29988,   -0.55217,   -0.99895,   -0.66548,   -1.11737,    0.02194,    1.42701,    0.13791,   -0.01921,   -0.38665,    0.75474,    2.12604,    0.30230
ρ:        0.00000,    0.00000,    0.00000,    0.00000,    0.00000,    0.00000;    ξ:        3.57252,    2.12256,    2.03505,    0.02194,    2.10304,    3.75370,    4.58973,    2.59435,    0.27282,    6.74399,    0.18026,    2.05886,    1.80668,   -0.25325,   -5.34470,   -0.56950,   -1.00698,   -0.65894,   -1.17986,    0.01681,    1.40680,    0.08824,   -0.02422,   -0.40316,    0.77327,    2.13504,    0.31256
ρ:        0.00000,    0.00000,    0.00000,    0.00000,    0.00000,    0.00000;    ξ:        3.54628,    2.09747,    2.04473,    0.06141,    2.09713,    3.70515,    4.63172,    2.59976,    0.26647,    6.74931,    0.17200,    2.07630,    1.78633,   -0.28463,   -5.37314,   -0.54619,   -0.99425,   -0.65146,   -1.16099,    0.02710,    1.44180,    0.14025,   -0.01695,   -0.37905,    0.72937,    2.11442,    0.29772
ρ:        0.00000,    0.00000,    0.00000,    0.00000,    0.00000,    0.00000;    ξ:        3.55190,    2.13594,    2.03727,    0.04221,    2.09967,    3.71206,    4.62186,    2.55015,    0.28516,    6.89388,    0.16231,    2.04949,    1.74136,   -0.33684,   -5.43009,   -0.48609,   -0.94048,   -0.67135,   -1.13568,    0.05068,    1.46492,    0.21128,   -0.01510,   -0.36997,    0.67474,    2.06263,    0.28264
ρ:        0.00000,    0.00000,    0.00000,    0.00000,    0.00000,    0.00000;    ξ:        3.56867,    2.08244,    2.05850,    0.05785,    2.10353,    3.74246,    4.46258,    2.65404,    0.26596,    6.70532,    0.17673,    2.03103,    1.78886,   -0.24069,   -5.25564,   -0.55911,   -0.95008,   -0.64449,   -1.17310,    0.01408,    1.44321,    0.08933,   -0.02164,   -0.38584,    0.76446,    2.07464,    0.30216
ρ:        0.00000,    0.00000,    0.00000,    0.00000,    0.00000,    0.00000;    ξ:        3.54758,    2.11191,    2.02324,    0.02094,    2.10465,    3.72799,    4.60226,    2.65675,    0.28835,    6.77149,    0.17310,    2.03817,    1.80051,   -0.25237,   -5.36594,   -0.56220,   -1.00441,   -0.64444,   -1.17771,    0.00784,    1.42599,    0.12015,   -0.01364,   -0.35711,    0.74987,    2.12233,    0.29291
ρ:        0.00000,    0.00000,    0.00000,    0.00000,    0.00000,    0.00000;    ξ:        3.57178,    2.08208,    2.06463,    0.02441,    2.11573,    3.73757,    4.50187,    2.64317,    0.27739,    6.62439,    0.17508,    2.07726,    1.82431,   -0.25261,   -5.24694,   -0.56303,   -0.98620,   -0.66745,   -1.20980,    0.01753,    1.42439,    0.09191,   -0.02484,   -0.40735,    0.76330,    2.10830,    0.31828
ρ:        0.00000,    0.00000,    0.00000,    0.00000,    0.00000,    0.00000;    ξ:        3.58730,    2.07595,    2.04706,    0.01726,    2.09826,    3.66662,    4.67393,    2.60481,    0.28822,    6.69812,    0.20110,    2.14069,    1.84441,   -0.24337,   -5.38200,   -0.60668,   -1.02798,   -0.66422,   -1.22352,    0.02612,    1.43086,    0.07978,   -0.03304,   -0.41875,    0.82049,    2.14318,    0.34748
ρ:        0.00000,    0.00000,    0.00000,    0.00000,    0.00000,    0.00000;    ξ:        3.56806,    2.08661,    2.06902,    0.03454,    2.10807,    3.76591,    4.59342,    2.54791,    0.27365,    6.75320,    0.16165,    2.01601,    1.75912,   -0.28819,   -5.36053,   -0.50879,   -0.98342,   -0.65149,   -1.15586,    0.04381,    1.40217,    0.14705,   -0.02104,   -0.37239,    0.69381,    2.08029,    0.29074
ρ:        0.00000,    0.00000,    0.00000,    0.00000,    0.00000,    0.00000;    ξ:        3.58368,    2.09440,    2.04376,    0.01987,    2.11130,    3.69268,    4.54917,    2.63331,    0.28235,    6.75440,    0.17341,    2.09625,    1.80436,   -0.27016,   -5.33654,   -0.55808,   -0.98444,   -0.66008,   -1.21233,    0.03088,    1.44857,    0.13133,   -0.02266,   -0.38502,    0.76324,    2.10454,    0.32293
ρ:        0.00000,    0.00000,    0.00000,    0.00000,    0.00000,    0.00000;    ξ:        3.54649,    2.07300,    2.05386,    0.01481,    2.10552,    3.75422,    4.56797,    2.62728,    0.27394,    6.91711,    0.17546,    2.06531,    1.79777,   -0.25014,   -5.39871,   -0.54166,   -0.97815,   -0.65989,   -1.17563,    0.03600,    1.44426,    0.08746,   -0.02811,   -0.40377,    0.75432,    2.13669,    0.31164
ρ:        0.00000,    0.00000,    0.00000,    0.00000,    0.00000,    0.00000;    ξ:        3.53158,    2.16234,    2.03949,    0.00709,    2.11475,    3.76344,    4.62102,    2.42640,    0.29260,    6.84741,    0.16933,    1.91709,    1.74010,   -0.29772,   -5.42649,   -0.51420,   -1.03677,   -0.65581,   -1.20415,    0.04840,    1.27331,    0.16885,   -0.02440,   -0.35685,    0.70770,    2.09395,    0.30004
ρ:        0.00000,    0.00000,    0.00000,    0.00000,    0.00000,    0.00000;    ξ:        3.57378,    2.07347,    2.06516,    0.01983,    2.10050,    3.75210,    4.60829,    2.59838,    0.27271,    6.86491,    0.17976,    2.07277,    1.79674,   -0.27379,   -5.40930,   -0.53907,   -0.98861,   -0.65826,   -1.18676,    0.03271,    1.43313,    0.12514,   -0.02508,   -0.39162,    0.74646,    2.11788,    0.30558
ρ:        0.00000,    0.00000,    0.00000,    0.00000,    0.00000,    0.00000;    ξ:        3.55276,    2.09006,    2.06178,    0.02767,    2.08939,    3.74269,    4.69090,    2.59838,    0.28036,    6.73758,    0.18607,    2.06275,    1.79662,   -0.32305,   -5.39927,   -0.54121,   -0.99896,   -0.67956,   -1.13478,    0.04311,    1.44121,    0.17082,   -0.02199,   -0.38316,    0.74213,    2.11410,    0.30936
ρ:        0.00000,    0.00000,    0.00000,    0.00000,    0.00000,    0.00000;    ξ:        3.56081,    2.05584,    2.04278,    0.03435,    2.10474,    3.79407,    4.63028,    2.61808,    0.27931,    6.75847,    0.17283,    2.03626,    1.79529,   -0.28786,   -5.36289,   -0.54650,   -1.00420,   -0.66101,   -1.12733,    0.03295,    1.41936,    0.13435,   -0.01865,   -0.37209,    0.73815,    2.14580,    0.30451
ρ:        0.00000,    0.00000,    0.00000,    0.00000,    0.00000,    0.00000;    ξ:        3.57738,    2.13741,    2.07158,    0.00732,    2.11524,    3.72789,    4.66477,    2.60356,    0.26513,    6.68225,    0.17749,    2.08244,    1.82106,   -0.26389,   -5.36480,   -0.58103,   -1.04778,   -0.63658,   -1.18328,    0.01026,    1.40308,    0.11871,   -0.01818,   -0.37078,    0.76795,    2.16258,    0.31581
ρ:        0.00000,    0.00000,    0.00000,    0.00000,    0.00000,    0.00000;    ξ:        3.53247,    2.10104,    2.06245,    0.06066,    2.11147,    3.79370,    4.52848,    2.60009,    0.27782,    6.87703,    0.17090,    2.06436,    1.78017,   -0.25402,   -5.36168,   -0.52499,   -0.94672,   -0.66414,   -1.17239,    0.04296,    1.45182,    0.09136,   -0.02896,   -0.41174,    0.73383,    2.09747,    0.30565
ρ:        0.00000,    0.00000,    0.00000,    0.00000,    0.00000,    0.00000;    ξ:        3.47345,    2.10267,    2.05603,    0.15427,    2.10325,    3.73929,    4.53150,    2.61599,    0.27629,    6.60503,    0.18720,    2.06379,    1.81552,   -0.24673,   -5.24417,   -0.57041,   -1.00323,   -0.65272,   -1.18148,    0.01434,    1.39805,    0.08748,   -0.02361,   -0.39020,    0.76223,    2.13333,    0.30944
ρ:        0.00000,    0.00000,    0.00000,    0.00000,    0.00000,    0.00000;    ξ:        3.55859,    2.08051,    2.06113,    0.01341,    2.10821,    3.80140,    4.61766,    2.58027,    0.26633,    6.78602,    0.17511,    2.02553,    1.77134,   -0.29850,   -5.38912,   -0.52426,   -0.96087,   -0.64891,   -1.16181,    0.05054,    1.43878,    0.15970,   -0.02015,   -0.36966,    0.72332,    2.05669,    0.30542
ρ:        0.00000,    0.00000,    0.00000,    0.00000,    0.00000,    0.00000;    ξ:        3.56782,    2.11116,    2.04297,    0.01403,    2.13323,    3.74067,    4.48865,    2.61332,    0.27969,    6.69531,    0.17254,    2.02540,    1.77060,   -0.24492,   -5.25773,   -0.55159,   -0.93615,   -0.64202,   -1.13170,    0.01680,    1.43857,    0.09553,   -0.01875,   -0.37234,    0.74878,    2.07507,    0.29522
ρ:        0.00000,    0.00000,    0.00000,    0.00000,    0.00000,    0.00000;    ξ:        3.57707,    2.12155,    2.05770,    0.01706,    2.12529,    3.75143,    4.54705,    2.61054,    0.27668,    6.89776,    0.16548,    2.02958,    1.76741,   -0.27519,   -5.38515,   -0.52867,   -0.95685,   -0.66123,   -1.16511,    0.03221,    1.43933,    0.13118,   -0.02087,   -0.38156,    0.72558,    2.09296,    0.29151
ρ:        0.00000,    0.00000,    0.00000,    0.00000,    0.00000,    0.00000;    ξ:        3.56253,    2.07180,    2.06089,    0.00904,    2.10867,    3.67851,    4.58839,    2.62839,    0.27702,    6.81426,    0.17439,    2.06952,    1.82035,   -0.28943,   -5.36475,   -0.54047,   -0.96825,   -0.66704,   -1.18910,    0.03037,    1.42993,    0.13759,   -0.02127,   -0.38524,    0.73891,    2.11301,    0.30237
ρ_opt:    0.00000,    0.00000,    0.00000,    0.00000,    0.00000,    0.00000;    ξ_opt:    3.59859,    2.06794,    2.07622,    0.00888,    2.12909,    3.79034,    4.59685,    2.65541,    0.26978,    6.81422,    0.16667,    2.06833,    1.80989,   -0.27912,   -5.38462,   -0.53294,   -1.01495,   -0.66486,   -1.19140,    0.02872,    1.43427,    0.12812,   -0.01756,   -0.38651,    0.72790,    2.14159,    0.30182
