ρ:        0.00000,    0.00000,    0.00000,    0.00000,    0.00000,    0.00000,    0.00000;    ξ:        1.84673,    0.77980,    1.03788,    0.92534,    0.28067,    2.89501,    2.42539,    1.24593,    0.50279,    0.37834,    0.92184,    2.15414,    0.28683,    0.32162,   -0.01141,    0.14385,    0.44430,   -1.08227,    0.12305,   -0.28202,   -0.05898,   -0.02484,   -0.28791,    0.00093,   -0.11273,    0.40627,    0.26861,    0.14937,    0.08395,    0.38702,    0.27188,    0.03291,    0.34975,    0.66754,    0.21164
ρ:        0.00000,    0.00000,    0.00000,    0.00000,    0.00000,    0.00000,    0.00000;    ξ:        1.84858,    0.77665,    1.04434,    0.91456,    0.28752,    2.89026,    2.42715,    1.24084,    0.50158,    0.37331,    0.92611,    2.16942,    0.28888,    0.31786,   -0.01745,    0.14025,    0.44132,   -1.08099,    0.12004,   -0.27313,   -0.05914,   -0.02795,   -0.28193,   -0.00195,   -0.11137,    0.40830,    0.28156,    0.14937,    0.08454,    0.39543,    0.26868,    0.02941,    0.35670,    0.65637,    0.21253
ρ:        0.00000,    0.00000,    0.00000,    0.00000,    0.00000,    0.00000,    0.00000;    ξ:        1.82409,    0.77732,    1.03541,    0.91984,    0.29413,    2.88049,    2.41341,    1.24192,    0.50251,    0.37896,    0.92389,    2.16785,    0.29128,    0.32314,   -0.02027,    0.14451,    0.44333,   -1.07373,    0.12451,   -0.27266,   -0.05851,   -0.03136,   -0.28031,   -0.00516,   -0.11350,    0.40702,    0.27346,    0.14849,    0.08346,    0.40332,    0.27445,    0.03587,    0.35938,    0.66068,    0.21308
ρ:        0.00000,    0.00000,    0.00000,    0.00000,    0.00000,    0.00000,    0.00000;    ξ:        1.85893,    0.77554,    1.04171,    0.91787,    0.28926,    2.88197,    2.42537,    1.22809,    0.50815,    0.38073,    0.92222,    2.18208,    0.28561,    0.32086,   -0.01813,    0.14056,    0.43949,   -1.07750,    0.12484,   -0.27634,   -0.05975,   -0.02908,   -0.28247,   -0.00224,   -0.11243,    0.40649,    0.28004,    0.14568,    0.08642,    0.40008,    0.26429,    0.03442,    0.34521,    0.66794,    0.21245
ρ:        0.00000,    0.00000,    0.00000,    0.00000,    0.00000,    0.00000,    0.00000;    ξ:        1.83442,    0.76981,    1.03640,    0.92002,    0.31226,    2.89363,    2.43354,    1.23894,    0.50627,    0.37891,    0.91755,    2.15066,    0.28881,    0.32377,   -0.01752,    0.14083,    0.43942,   -1.07403,    0.12768,   -0.27859,   -0.06073,   -0.02808,   -0.28019,   -0.00062,   -0.11055,    0.40452,    0.27752,    0.14859,    0.08607,    0.39717,    0.27227,    0.03295,    0.34863,    0.66408,    0.21349
ρ:        0.00000,    0.00000,    0.00000,    0.00000,    0.00000,    0.00000,    0.00000;    ξ:        1.86635,    0.78177,    1.03528,    0.92261,    0.28220,    2.88778,    2.43307,    1.24418,    0.50449,    0.37901,    0.92304,    2.17894,    0.28831,    0.32150,   -0.01323,    0.14152,    0.43739,   -1.08018,    0.11968,   -0.28189,   -0.06046,   -0.03051,   -0.28736,   -0.00157,   -0.11239,    0.40652,    0.28008,    0.14987,    0.08293,    0.41357,    0.27474,    0.03349,    0.36317,    0.66765,    0.21303
ρ:        0.00000,    0.00000,    0.00000,    0.00000,    0.00000,    0.00000,    0.00000;    ξ:        1.83881,    0.77690,    1.03686,    0.92003,    0.31580,    2.88993,    2.43601,    1.23418,    0.50502,    0.37957,    0.92153,    2.15203,    0.28845,    0.30605,   -0.01662,    0.13891,    0.44427,   -1.07129,    0.11632,   -0.26195,   -0.05955,   -0.02765,   -0.28127,   -0.00164,   -0.10930,    0.40442,    0.28040,    0.15186,    0.08405,    0.39528,    0.27233,    0.03356,    0.36233,    0.64056,    0.21333
ρ:        0.00000,    0.00000,    0.00000,    0.00000,    0.00000,    0.00000,    0.00000;    ξ:        1.84984,    0.77361,    1.03030,    0.92125,    0.27505,    2.88673,    2.41982,    1.23623,    0.50230,    0.38114,    0.92221,    2.17994,    0.29072,    0.32130,   -0.01672,    0.14345,    0.43977,   -1.08013,    0.12430,   -0.28160,   -0.06021,   -0.02880,   -0.28055,   -0.00064,   -0.11113,    0.40677,    0.27436,    0.14647,    0.08269,    0.40369,    0.27143,    0.03186,    0.35421,    0.66724,    0.21200
ρ:        0.00000,    0.00000,    0.00000,    0.00000,    0.00000,    0.00000,    0.00000;    ξ:        1.84468,    0.77710,    1.03701,    0.92319,    0.27878,    2.90124,    2.42084,    1.23133,    0.50196,    0.37743,    0.91458,    2.19666,    0.28412,    0.32780,   -0.02717,    0.13704,    0.44033,   -1.07633,    0.13291,   -0.27570,   -0.06119,   -0.03006,   -0.27164,    0.00030,   -0.11011,    0.40175,    0.28547,    0.14637,    0.08962,    0.40422,    0.26699,    0.03903,    0.34146,    0.67329,    0.20765
ρ:        0.00000,    0.00000,    0.00000,    0.00000,    0.00000,    0.00000,    0.00000;    ξ:        1.85070,    0.77244,    1.03541,    0.92239,    0.28168,    2.90121,    2.43550,    1.24276,    0.50356,    0.38118,    0.92023,    2.18365,    0.28903,    0.31659,   -0.01337,    0.14422,    0.43862,   -1.08706,    0.11977,   -0.28174,   -0.05949,   -0.02651,   -0.28591,    0.00025,   -0.11321,    0.40681,    0.27508,    0.15139,    0.08310,    0.40218,    0.27393,    0.03568,    0.35829,    0.66880,    0.21173
ρ:        0.00000,    0.00000,    0.00000,    0.00000,    0.00000,    0.00000,    0.00000;    ξ:        1.84544,    0.77464,    1.03689,    0.92496,    0.28168,    2.89244,    2.43398,    1.23682,    0.50324,    0.37768,    0.92455,    2.18950,    0.29148,    0.31457,   -0.01659,    0.14092,    0.43975,   -1.08497,    0.11952,   -0.27840,   -0.06125,   -0.02647,   -0.28084,   -0.00003,   -0.10860,    0.40577,    0.28071,    0.14820,    0.08299,    0.40306,    0.27295,    0.03280,    0.35834,    0.66224,    0.21305
ρ:        0.00000,    0.00000,    0.00000,    0.00000,    0.00000,    0.00000,    0.00000;    ξ:        1.84269,    0.77181,    1.03639,    0.91790,    0.29219,    2.90299,    2.42852,    1.23271,    0.50305,    0.37894,    0.92106,    2.16617,    0.28437,    0.32111,   -0.01686,    0.14053,    0.44533,   -1.07099,    0.12117,   -0.27176,   -0.05952,   -0.02936,   -0.28378,   -0.00052,   -0.11396,    0.40464,    0.27861,    0.14678,    0.08587,    0.39714,    0.26886,    0.03507,    0.35255,    0.66069,    0.21180
ρ:        0.00000,    0.00000,    0.00000,    0.00000,    0.00000,    0.00000,    0.00000;    ξ:        2.42998,    0.80455,    1.00037,    1.13599,    0.94777,    2.94167,    2.38713,    0.00010,    0.48191,    0.38058,    0.64679,    1.11495,    0.27867,    0.28741,   -0.00430,   -0.00276,   -0.00111,    0.00232,    0.00031,    0.00124,   -0.05451,   -0.01806,   -0.28272,    0.00015,   -0.11388,    0.34587,    0.34978,    0.11874,    0.09636,    0.61188,    0.17971,    0.08868,    0.45315,    0.43990,    0.25417
ρ:        0.00000,    0.00000,    0.00000,    0.00000,    0.00000,    0.00000,    0.00000;    ξ:        1.83917,    0.77706,    1.03012,    0.92302,    0.29438,    2.89440,    2.42080,    1.23958,    0.50247,    0.37993,    0.92267,    2.15898,    0.28792,    0.32108,   -0.01720,    0.14002,    0.44443,   -1.07470,    0.12736,   -0.27543,   -0.06102,   -0.02851,   -0.28480,   -0.00170,   -0.11163,    0.40255,    0.27563,    0.15021,    0.08296,    0.39233,    0.27622,    0.03027,    0.35297,    0.65855,    0.20816
ρ:        0.00000,    0.00000,    0.00000,    0.00000,    0.00000,    0.00000,    0.00000;    ξ:        1.85165,    0.77827,    1.03876,    0.92940,    0.28394,    2.89387,    2.42059,    1.22531,    0.50230,    0.37923,    0.93436,    2.18891,    0.28777,    0.32436,   -0.02418,    0.14250,    0.44265,   -1.08526,    0.12682,   -0.27767,   -0.05956,   -0.03071,   -0.27549,   -0.00300,   -0.10833,    0.41152,    0.27232,    0.15017,    0.08234,    0.39588,    0.27731,    0.03178,    0.34972,    0.66332,    0.20781
ρ:        0.00000,    0.00000,    0.00000,    0.00000,    0.00000,    0.00000,    0.00000;    ξ:        1.84059,    0.77585,    1.04401,    0.91999,    0.29437,    2.86912,    2.43193,    1.23219,    0.50272,    0.37755,    0.91557,    2.17490,    0.30218,    0.31192,   -0.01843,    0.14042,    0.44002,   -1.07384,    0.11854,   -0.27194,   -0.06015,   -0.02883,   -0.28093,   -0.00316,   -0.10907,    0.40365,    0.28304,    0.15119,    0.07684,    0.39943,    0.27347,    0.02581,    0.36054,    0.64596,    0.21637
ρ:        0.00000,    0.00000,    0.00000,    0.00000,    0.00000,    0.00000,    0.00000;    ξ:        1.77362,    0.76675,    1.03255,    0.90875,    0.49841,    2.89438,    2.42647,    1.21461,    0.50946,    0.38178,    0.93173,    1.94928,    0.29958,    0.31221,   -0.02870,    0.14718,    0.46183,   -0.96837,    0.14906,   -0.24825,   -0.06102,   -0.02571,   -0.27052,   -0.00169,   -0.11283,    0.40532,    0.27148,    0.14929,    0.08461,    0.38665,    0.27523,    0.02925,    0.33174,    0.61175,    0.21310
ρ:        0.00000,    0.00000,    0.00000,    0.00000,    0.00000,    0.00000,    0.00000;    ξ:        1.95592,    1.30212,    1.03893,    0.90473,    0.23130,    2.91348,    2.45007,    1.14410,    0.01782,    0.37117,    0.92211,    2.20296,    0.27554,    0.31550,    0.14235,    0.11298,    0.40904,   -1.13283,    0.11646,   -0.30924,    0.01783,    0.05651,   -0.13400,    0.01752,   -0.03608,    0.39551,    0.26402,    0.14497,    0.07890,    0.39168,    0.27116,    0.03460,    0.33649,    0.67261,    0.20430
ρ:        0.00000,    0.00000,    0.00000,    0.00000,    0.00000,    0.00000,    0.00000;    ξ:        1.84691,    0.77478,    1.03138,    0.92469,    0.29063,    2.89153,    2.43601,    1.23069,    0.50255,    0.37963,    0.92038,    2.16549,    0.29001,    0.31864,   -0.01697,    0.14262,    0.43923,   -1.07299,    0.12190,   -0.28400,   -0.06004,   -0.02821,   -0.28262,   -0.00187,   -0.11015,    0.40335,    0.27255,    0.14820,    0.08199,    0.39957,    0.27133,    0.03049,    0.35776,    0.66758,    0.21124
ρ:        0.00000,    0.00000,    0.00000,    0.00000,    0.00000,    0.00000,    0.00000;    ξ:        1.85440,    0.77684,    1.03971,    0.92323,    0.28459,    2.89940,    2.39119,    1.23484,    0.50291,    0.37512,    0.93557,    2.17259,    0.28755,    0.34151,   -0.01661,    0.14146,    0.44046,   -1.07938,    0.12176,   -0.27644,   -0.05966,   -0.02842,   -0.28201,   -0.00278,   -0.11303,    0.40988,    0.27364,    0.14678,    0.08114,    0.40421,    0.27881,    0.03528,    0.35908,    0.66263,    0.20842
ρ:        0.00000,    0.00000,    0.00000,    0.00000,    0.00000,    0.00000,    0.00000;    ξ:        1.83220,    0.77456,    1.03477,    0.91608,    0.33081,    2.88682,    2.38947,    1.23991,    0.49772,    0.38141,    0.92592,    2.14383,    0.28373,    0.34129,   -0.01799,    0.14078,    0.44770,   -1.07060,    0.12567,   -0.27178,   -0.06230,   -0.02657,   -0.27937,    0.00877,   -0.11066,    0.40648,    0.27988,    0.14763,    0.08431,    0.39154,    0.27098,    0.03154,    0.34071,    0.65136,    0.20414
ρ:        0.00000,    0.00000,    0.00000,    0.00000,    0.00000,    0.00000,    0.00000;    ξ:        1.84780,    0.77715,    1.03570,    0.92991,    0.30024,    2.90784,    2.43835,    1.23256,    0.50067,    0.37823,    0.92086,    2.16253,    0.27156,    0.30748,   -0.01727,    0.14025,    0.44709,   -1.08067,    0.11123,   -0.28482,   -0.05925,   -0.02983,   -0.27644,   -0.00295,   -0.11341,    0.40388,    0.27765,    0.14810,    0.08442,    0.39656,    0.27208,    0.03371,    0.35132,    0.65781,    0.19984
ρ:        0.00000,    0.00000,    0.00000,    0.00000,    0.00000,    0.00000,    0.00000;    ξ:        1.83676,    0.77577,    1.03557,    0.92258,    0.30843,    2.89347,    2.43294,    1.23689,    0.50450,    0.37913,    0.92113,    2.15362,    0.28461,    0.32051,   -0.01478,    0.13966,    0.44236,   -1.07585,    0.12183,   -0.27187,   -0.06005,   -0.02903,   -0.28261,    0.00005,   -0.11256,    0.40413,    0.27743,    0.14424,    0.08481,    0.39466,    0.26679,    0.03653,    0.34736,    0.66071,    0.21418
ρ:        0.00000,    0.00000,    0.00000,    0.00000,    0.00000,    0.00000,    0.00000;    ξ:        1.80688,    0.77157,    1.02730,    0.91182,    0.38389,    2.88319,    2.42022,    1.23511,    0.50431,    0.38389,    0.91711,    2.07687,    0.30005,    0.31483,   -0.02098,    0.14029,    0.44740,   -1.03927,    0.13066,   -0.26171,   -0.06173,   -0.03061,   -0.27895,   -0.00210,   -0.11082,    0.39756,    0.26865,    0.14838,    0.08202,    0.38369,    0.26862,    0.02760,    0.35205,    0.63771,    0.21859
ρ:        0.00000,    0.00000,    0.00000,    0.00000,    0.00000,    0.00000,    0.00000;    ξ:        1.84002,    0.77652,    1.04033,    0.91831,    0.30438,    2.88795,    2.41777,    1.23371,    0.50125,    0.37618,    0.92048,    2.15417,    0.29328,    0.33123,   -0.01810,    0.14025,    0.43891,   -1.07031,    0.12696,   -0.28058,   -0.06024,   -0.02907,   -0.28085,   -0.00156,   -0.11054,    0.40391,    0.27852,    0.14535,    0.08556,    0.40312,    0.27112,    0.03327,    0.34458,    0.66365,    0.21425
ρ:        0.00000,    0.00000,    0.00000,    0.00000,    0.00000,    0.00000,    0.00000;    ξ:        1.84403,    0.77741,    1.03936,    0.92021,    0.28981,    2.89379,    2.42010,    1.24793,    0.50095,    0.37828,    0.92595,    2.16273,    0.29591,    0.31894,   -0.01610,    0.14076,    0.44110,   -1.07942,    0.12022,   -0.27584,   -0.06007,   -0.02883,   -0.28470,   -0.00271,   -0.10858,    0.40801,    0.28005,    0.15269,    0.08429,    0.40393,    0.27777,    0.03381,    0.36385,    0.65422,    0.21408
ρ:        0.00000,    0.00000,    0.00000,    0.00000,    0.00000,    0.00000,    0.00000;    ξ:        1.83511,    0.77632,    1.04119,    0.92228,    0.30292,    2.89132,    2.42830,    1.23251,    0.50345,    0.37639,    0.91823,    2.15526,    0.29664,    0.32338,   -0.02440,    0.13513,    0.44188,   -1.06841,    0.12207,   -0.27990,   -0.06078,   -0.03160,   -0.27563,   -0.00221,   -0.11295,    0.40174,    0.28263,    0.14775,    0.08515,    0.39882,    0.27247,    0.03201,    0.35060,    0.66064,    0.21423
ρ:        0.00000,    0.00000,    0.00000,    0.00000,    0.00000,    0.00000,    0.00000;    ξ:        1.85577,    0.78590,    1.03606,    0.92153,    0.27540,    2.87737,    2.43890,    1.22918,    0.49600,    0.37862,    0.92640,    2.19117,    0.29484,    0.31706,   -0.01439,    0.14159,    0.44083,   -1.08138,    0.12293,   -0.28012,   -0.05637,   -0.03010,   -0.28424,   -0.00308,   -0.11055,    0.40678,    0.27532,    0.14860,    0.08332,    0.40285,    0.27465,    0.03468,    0.35222,    0.66565,    0.21388
ρ:        0.00000,    0.00000,    0.00000,    0.00000,    0.00000,    0.00000,    0.00000;    ξ:        1.84455,    0.77654,    1.03736,    0.92434,    0.29694,    2.89073,    2.42731,    1.23570,    0.50307,    0.37897,    0.92168,    2.18159,    0.28914,    0.31831,   -0.01652,    0.13916,    0.44444,   -1.07941,    0.12459,   -0.27683,   -0.05782,   -0.02933,   -0.28266,   -0.00283,   -0.11059,    0.40412,    0.27953,    0.15002,    0.08312,    0.39914,    0.27471,    0.03086,    0.35560,    0.66041,    0.21036
ρ:        0.00000,    0.00000,    0.00000,    0.00000,    0.00000,    0.00000,    0.00000;    ξ:        1.86157,    0.77848,    1.03780,    0.91708,    0.28577,    2.88987,    2.42137,    1.23002,    0.50423,    0.37965,    0.91925,    2.15675,    0.28704,    0.32013,   -0.00657,    0.14439,    0.43648,   -1.07114,    0.12085,   -0.27672,   -0.05715,   -0.02450,   -0.29083,   -0.00395,   -0.11230,    0.40746,    0.27518,    0.15330,    0.08401,    0.40390,    0.27398,    0.03304,    0.35728,    0.65702,    0.21097
ρ:        0.00000,    0.00000,    0.00000,    0.00000,    0.00000,    0.00000,    0.00000;    ξ:        1.84945,    0.77938,    1.03497,    0.91818,    0.27821,    2.89551,    2.42622,    1.23252,    0.50199,    0.37992,    0.91814,    2.19262,    0.29856,    0.31555,   -0.01710,    0.13659,    0.43888,   -1.08515,    0.11862,   -0.27549,   -0.06620,   -0.02905,   -0.28243,   -0.00236,   -0.10954,    0.40214,    0.28177,    0.14543,    0.08475,    0.39900,    0.27036,    0.03400,    0.35693,    0.65966,    0.21769
ρ:        0.00000,    0.00000,    0.00000,    0.00000,    0.00000,    0.00000,    0.00000;    ξ:        1.84910,    0.77824,    1.03515,    0.92523,    0.29026,    2.89397,    2.42721,    1.22064,    0.50055,    0.37877,    0.92258,    2.15556,    0.28455,    0.31915,   -0.01983,    0.14001,    0.44292,   -1.06147,    0.12389,   -0.27203,   -0.05994,   -0.02973,   -0.27924,   -0.00518,   -0.10879,    0.40476,    0.27745,    0.14833,    0.08521,    0.40045,    0.27155,    0.03438,    0.35264,    0.65628,    0.20998
ρ_opt:    0.00000,    0.00000,    0.00000,    0.00000,    0.00000,    0.00000,    0.00000;    ξ_opt:    1.86635,    0.78177,    1.03528,    0.92261,    0.28220,    2.88778,    2.43307,    1.24418,    0.50449,    0.37901,    0.92304,    2.17894,    0.28831,    0.32150,   -0.01323,    0.14152,    0.43739,   -1.08018,    0.11968,   -0.28189,   -0.06046,   -0.03051,   -0.28736,   -0.00157,   -0.11239,    0.40652,    0.28008,    0.14987,    0.08293,    0.41357,    0.27474,    0.03349,    0.36317,    0.66765,    0.21303
