ρ:        0.00000,    0.00000,    0.00000,    0.00000,    0.00000;    ξ:       25.98315,   11.63180,   11.73004,   27.65417,   31.21141,    0.48117,    0.45336,    0.15532,    0.05590,    0.00264,   -0.43670,   -0.26944,   -0.07726,    0.00017,    0.25992,    0.02223,   -0.00747,    0.03039,   -0.00221,    0.00612
ρ:        0.00000,    0.00000,    0.00000,    0.00000,    0.00000;    ξ:       25.96935,   11.62532,   11.73930,   27.66724,   31.27599,    0.48706,    0.44934,    0.15733,    0.05109,    0.00365,   -0.44403,   -0.27318,   -0.07654,   -0.00213,    0.26118,    0.03225,   -0.00354,    0.03280,   -0.00068,    0.00495
ρ:        0.00000,    0.00000,    0.00000,    0.00000,    0.00000;    ξ:       26.00514,   11.70389,   11.75905,   27.64232,   31.22274,    0.45916,    0.41935,    0.15013,    0.03978,    0.00352,   -0.41811,   -0.25544,   -0.07258,   -0.00124,    0.24300,    0.03314,   -0.00373,    0.03221,   -0.00317,    0.00399
ρ:        0.00000,    0.00000,    0.00000,    0.00000,    0.00000;    ξ:       26.01097,   11.63546,   11.73136,   27.70080,   31.31675,    0.50482,    0.45671,    0.16972,    0.03759,    0.00461,   -0.46152,   -0.28195,   -0.07732,    0.00041,    0.26709,    0.04096,   -0.00477,    0.03643,   -0.00608,    0.00312
ρ:        0.00000,    0.00000,    0.00000,    0.00000,    0.00000;    ξ:       26.03184,   11.65722,   11.75936,   27.70645,   31.29913,    0.47947,    0.43279,    0.15361,    0.03470,    0.00366,   -0.44162,   -0.26961,   -0.07205,    0.00079,    0.25513,    0.04397,   -0.00398,    0.03469,   -0.00140,    0.00271
ρ:        0.00000,    0.00000,    0.00000,    0.00000,    0.00000;    ξ:       26.18048,   11.83553,   11.85053,   27.65334,   31.22317,    0.28986,    0.29360,    0.09949,    0.04039,    0.00115,   -0.26946,   -0.16617,   -0.04205,    0.00263,    0.16631,    0.00274,   -0.00796,    0.01425,   -0.00351,    0.00424
ρ:        0.00000,    0.00000,    0.00000,    0.00000,    0.00000;    ξ:       26.01936,   11.62696,   11.71878,   27.70395,   31.25640,    0.49966,    0.44625,    0.15943,    0.03051,    0.00102,   -0.46356,   -0.28122,   -0.07426,    0.00123,    0.26508,    0.05478,   -0.00318,    0.03816,   -0.00125,    0.00167
ρ:        0.00000,    0.00000,    0.00000,    0.00000,    0.00000;    ξ:       26.01805,   11.65480,   11.73976,   27.72347,   31.25431,    0.49503,    0.43819,    0.15572,    0.02071,    0.00200,   -0.45964,   -0.27617,   -0.07075,   -0.00057,    0.25941,    0.05551,   -0.00088,    0.03692,   -0.00047,    0.00130
ρ:        0.00000,    0.00000,    0.00000,    0.00000,    0.00000;    ξ:       26.11109,   11.73601,   11.75324,   27.73141,   31.28868,    0.39011,    0.35890,    0.13623,    0.02552,    0.00305,   -0.36251,   -0.22087,   -0.05604,    0.00128,    0.21119,    0.03288,   -0.00396,    0.02774,   -0.00609,    0.00165
ρ:        0.00000,    0.00000,    0.00000,    0.00000,    0.00000;    ξ:       26.01877,   11.62877,   11.75781,   27.72990,   31.35340,    0.48317,    0.42661,    0.15386,    0.01830,    0.00825,   -0.44911,   -0.27149,   -0.06860,    0.00044,    0.25472,    0.05559,   -0.00155,    0.03652,   -0.00088,    0.00094
ρ:        0.00000,    0.00000,    0.00000,    0.00000,    0.00000;    ξ:       25.99918,   11.65429,   11.77541,   27.70640,   31.27662,    0.49979,    0.44372,    0.15955,    0.03056,    0.00456,   -0.46001,   -0.27994,   -0.07466,    0.00237,    0.26299,    0.05109,   -0.00480,    0.03736,   -0.00267,    0.00190
ρ:        0.00000,    0.00000,    0.00000,    0.00000,    0.00000;    ξ:       25.95874,   11.62057,   11.76067,   27.67270,   31.32133,    0.48607,    0.44569,    0.15599,    0.03724,    0.00182,   -0.44854,   -0.27099,   -0.07343,   -0.00053,    0.25836,    0.04057,   -0.00353,    0.03418,   -0.00211,    0.00336
ρ:        0.00000,    0.00000,    0.00000,    0.00000,    0.00000;    ξ:       25.97740,   11.62064,   11.77233,   27.62388,   31.25614,    0.47112,    0.45181,    0.15160,    0.05551,    0.00433,   -0.42890,   -0.26262,   -0.07556,   -0.00072,    0.25566,    0.01731,   -0.00712,    0.02830,   -0.00207,    0.00659
ρ:        0.00000,    0.00000,    0.00000,    0.00000,    0.00000;    ξ:       26.16732,   11.61977,   11.76440,   27.70614,   31.25667,    0.48035,    0.42646,    0.15477,    0.02879,    0.00243,   -0.44279,   -0.26920,   -0.07158,    0.00176,    0.25311,    0.05006,   -0.00394,    0.03612,   -0.00287,    0.00166
ρ:        0.00000,    0.00000,    0.00000,    0.00000,    0.00000;    ξ:       26.02455,   11.62208,   11.73023,   27.68335,   31.24224,    0.49387,    0.43890,    0.15932,    0.02571,    0.00171,   -0.45534,   -0.27647,   -0.07353,    0.00036,    0.25986,    0.05112,   -0.00279,    0.03724,   -0.00244,    0.00190
ρ:        0.00000,    0.00000,    0.00000,    0.00000,    0.00000;    ξ:       26.04640,   11.62901,   11.74628,   27.74947,   31.27197,    0.50418,    0.44588,    0.16128,    0.02865,    0.00511,   -0.46954,   -0.28380,   -0.06994,   -0.00002,    0.26652,    0.05759,   -0.00104,    0.03754,   -0.00072,    0.00102
ρ:        0.00000,    0.00000,    0.00000,    0.00000,    0.00000;    ξ:       26.03461,   11.65565,   11.75785,   27.72313,   31.44886,    0.48376,    0.43275,    0.16314,    0.03158,    0.00333,   -0.44447,   -0.27475,   -0.07323,    0.00009,    0.25891,    0.04621,   -0.00313,    0.03666,   -0.00347,    0.00233
ρ:        0.00000,    0.00000,    0.00000,    0.00000,    0.00000;    ξ:       26.09571,   11.74026,   11.77147,   27.69164,   31.30194,    0.38387,    0.34324,    0.12480,    0.02610,    0.00214,   -0.35168,   -0.21655,   -0.05935,   -0.00023,    0.20403,    0.03608,   -0.00246,    0.02872,   -0.00114,    0.00231
ρ:        0.00000,    0.00000,    0.00000,    0.00000,    0.00000;    ξ:       26.00915,   11.59451,   11.72360,   27.73552,   31.37122,    0.50557,    0.45177,    0.16282,    0.02770,    0.00390,   -0.46605,   -0.28239,   -0.07411,   -0.00167,    0.26600,    0.04907,   -0.00122,    0.03691,   -0.00155,    0.00242
ρ:        0.00000,    0.00000,    0.00000,    0.00000,    0.00000;    ξ:       26.07311,   11.63298,   11.72769,   27.72788,   31.32200,    0.50364,    0.45271,    0.17307,    0.02685,    0.00464,   -0.46714,   -0.28569,   -0.07279,    0.00096,    0.27020,    0.05079,   -0.00339,    0.03798,   -0.00584,    0.00147
ρ:        0.00000,    0.00000,    0.00000,    0.00000,    0.00000;    ξ:       25.97159,   11.64450,   11.73061,   27.71025,   31.26731,    0.49680,    0.44616,    0.16861,    0.02490,    0.00400,   -0.46212,   -0.27812,   -0.07455,   -0.00026,    0.26304,    0.05505,   -0.00187,    0.03948,   -0.00605,    0.00116
ρ:        0.00000,    0.00000,    0.00000,    0.00000,    0.00000;    ξ:       26.02403,   11.63799,   11.72747,   27.69245,   31.23984,    0.49538,    0.44044,    0.16425,    0.02991,    0.00693,   -0.45707,   -0.27853,   -0.07380,   -0.00128,    0.26199,    0.05179,   -0.00116,    0.03794,   -0.00294,    0.00190
ρ:        0.00000,    0.00000,    0.00000,    0.00000,    0.00000;    ξ:       26.05541,   11.61138,   11.73195,   27.69745,   31.28904,    0.49690,    0.44355,    0.15941,    0.02329,    0.00539,   -0.46078,   -0.27884,   -0.07206,    0.00012,    0.26287,    0.05257,   -0.00218,    0.03689,   -0.00148,    0.00170
ρ:        0.00000,    0.00000,    0.00000,    0.00000,    0.00000;    ξ:       25.96903,   11.66508,   11.74362,   27.72348,   31.24256,    0.47418,    0.41920,    0.15070,    0.02281,    0.00182,   -0.43800,   -0.26558,   -0.06993,    0.00166,    0.24912,    0.05151,   -0.00338,    0.03588,   -0.00189,    0.00135
ρ:        0.00000,    0.00000,    0.00000,    0.00000,    0.00000;    ξ:       26.08989,   11.69392,   11.75568,   27.79004,   31.28610,    0.45836,    0.40552,    0.14926,    0.01941,    0.00331,   -0.42667,   -0.25903,   -0.06472,   -0.00124,    0.24336,    0.05285,    0.00018,    0.03487,   -0.00068,    0.00093
ρ:        0.00000,    0.00000,    0.00000,    0.00000,    0.00000;    ξ:       26.01264,   11.67795,   11.76519,   27.67278,   31.39270,    0.43188,    0.39260,    0.14060,    0.02161,    0.00435,   -0.40334,   -0.24360,   -0.05952,    0.00061,    0.23173,    0.04161,   -0.00264,    0.03012,   -0.00184,    0.00163
ρ:        0.00000,    0.00000,    0.00000,    0.00000,    0.00000;    ξ:       25.96214,   11.69158,   11.78915,   27.72095,   31.21610,    0.47811,    0.41879,    0.15670,    0.02113,    0.00395,   -0.44235,   -0.26916,   -0.06985,    0.00017,    0.25153,    0.05619,   -0.00114,    0.03767,   -0.00255,    0.00056
ρ:        0.00000,    0.00000,    0.00000,    0.00000,    0.00000;    ξ:       26.03853,   11.63703,   11.78086,   27.68401,   31.22694,    0.49065,    0.44036,    0.15735,    0.02865,    0.00288,   -0.45247,   -0.27557,   -0.07385,   -0.00193,    0.26012,    0.04804,   -0.00105,    0.03640,   -0.00015,    0.00269
ρ:        0.00000,    0.00000,    0.00000,    0.00000,    0.00000;    ξ:       25.96508,   11.64957,   11.71099,   27.68123,   31.36930,    0.49813,    0.44444,    0.15912,    0.02858,    0.01037,   -0.45890,   -0.27997,   -0.07659,    0.00022,    0.26358,    0.05166,   -0.00291,    0.03814,   -0.00097,    0.00232
ρ:        0.00000,    0.00000,    0.00000,    0.00000,    0.00000;    ξ:       25.97183,   11.67364,   11.73140,   27.70690,   31.31586,    0.49352,    0.44007,    0.15761,    0.03529,    0.00080,   -0.45435,   -0.27662,   -0.07475,   -0.00020,    0.26039,    0.05003,   -0.00256,    0.03709,   -0.00114,    0.00243
ρ:        0.00000,    0.00000,    0.00000,    0.00000,    0.00000;    ξ:       25.87820,   11.64469,   11.72625,   27.69211,   31.30220,    0.48452,    0.43091,    0.15918,    0.02629,    0.00474,   -0.44640,   -0.27125,   -0.07292,   -0.00014,    0.25510,    0.05003,   -0.00234,    0.03705,   -0.00344,    0.00182
ρ:        0.00000,    0.00000,    0.00000,    0.00000,    0.00000;    ξ:       25.96641,   11.69101,   11.73538,   27.69235,   31.24234,    0.45787,    0.40146,    0.15085,    0.02056,    0.00348,   -0.42251,   -0.25662,   -0.06758,   -0.00181,    0.23986,    0.05211,    0.00019,    0.03593,   -0.00241,    0.00123
ρ_opt:    0.00000,    0.00000,    0.00000,    0.00000,    0.00000;    ξ_opt:   25.96903,   11.66508,   11.74362,   27.72348,   31.24256,    0.47418,    0.41920,    0.15070,    0.02281,    0.00182,   -0.43800,   -0.26558,   -0.06993,    0.00166,    0.24912,    0.05151,   -0.00338,    0.03588,   -0.00189,    0.00135
