ρ:        0.00000,    0.00000,    0.00000,    0.00000,    0.00000,    0.00000;    ξ:        3.39027,    2.58694,    2.02214,    0.00737,    2.11605,    2.50347,    4.57894,    2.04847,    0.24246,    8.06065,    0.16921,    2.82946,    1.76037,   -0.32719,   -5.60512,   -0.53501,   -1.20570,   -0.45594,   -0.98454,   -0.00024,    1.26805,    0.26942,   -0.00928,   -0.15417,    0.78714,    3.20049,    0.32030
ρ:        0.00000,    0.00000,    0.00000,    0.00000,    0.00000,    0.00000;    ξ:        3.40132,    2.55860,    2.03935,    0.02628,    2.10102,    2.48820,    4.57728,    2.07072,    0.24518,    8.03811,    0.18350,    2.84988,    1.79285,   -0.33120,   -5.59713,   -0.54674,   -1.22248,   -0.45832,   -1.03035,   -0.00911,    1.24875,    0.27964,   -0.00770,   -0.14198,    0.80769,    3.21345,    0.32929
ρ:        0.00000,    0.00000,    0.00000,    0.00000,    0.00000,    0.00000;    ξ:        3.39179,    2.59004,    2.01776,    0.00933,    2.10603,    2.52532,    4.44484,    2.03101,    0.25278,    7.83011,    0.15801,    2.75718,    1.71724,   -0.35302,   -5.41856,   -0.48801,   -1.11696,   -0.45646,   -0.91928,    0.00697,    1.28600,    0.31791,   -0.00249,   -0.13030,    0.72143,    3.09212,    0.29138
ρ:        0.00000,    0.00000,    0.00000,    0.00000,    0.00000,    0.00000;    ξ:        3.53327,    3.70490,    2.12082,    0.01148,    2.12994,    3.13906,    3.93273,    0.14552,    0.14078,    7.82835,    0.17912,    1.45353,    0.75486,   -0.06459,   -5.42017,   -0.61607,   -1.93944,   -0.01814,   -1.04773,   -0.11649,   -0.38077,    0.27551,    0.00808,    0.24248,    0.77789,    3.08804,    0.20006
ρ:        0.00000,    0.00000,    0.00000,    0.00000,    0.00000,    0.00000;    ξ:        3.39280,    2.56489,    2.02040,    0.01244,    2.10659,    2.52441,    4.58318,    2.02229,    0.25274,    8.03618,    0.17821,    2.78852,    1.76798,   -0.30886,   -5.60635,   -0.55583,   -1.24076,   -0.46255,   -1.02963,   -0.00142,    1.20013,    0.24565,   -0.01212,   -0.16017,    0.81447,    3.20685,    0.33965
ρ:        0.00000,    0.00000,    0.00000,    0.00000,    0.00000,    0.00000;    ξ:        3.39586,    2.61598,    1.99584,    0.02522,    2.08843,    2.51094,    4.49520,    2.05920,    0.26110,    8.07931,    0.17456,    2.81456,    1.78147,   -0.31085,   -5.54838,   -0.53856,   -1.19643,   -0.45493,   -1.03134,   -0.01420,    1.23621,    0.26506,   -0.00532,   -0.14226,    0.79333,    3.21984,    0.31897
ρ:        0.00000,    0.00000,    0.00000,    0.00000,    0.00000,    0.00000;    ξ:        3.42016,    2.59413,    2.00997,    0.00315,    2.12108,    2.52354,    4.35968,    1.95957,    0.24895,    7.86095,    0.18033,    2.84962,    1.65710,   -0.29094,   -5.39185,   -0.54247,   -1.21925,   -0.45204,   -0.91090,    0.00199,    1.23240,    0.22644,   -0.01437,   -0.16802,    0.80594,    3.22496,    0.33862
ρ:        0.00000,    0.00000,    0.00000,    0.00000,    0.00000,    0.00000;    ξ:        3.37781,    2.63362,    2.01164,    0.02114,    2.07586,    2.47871,    4.61049,    2.01500,    0.24848,    7.93595,    0.17482,    2.78705,    1.74321,   -0.34992,   -5.56409,   -0.53881,   -1.20346,   -0.45469,   -0.93538,   -0.01010,    1.25329,    0.30407,   -0.00558,   -0.12890,    0.77874,    3.17833,    0.30756
ρ:        0.00000,    0.00000,    0.00000,    0.00000,    0.00000,    0.00000;    ξ:        3.30667,    2.58267,    2.02239,    0.13228,    2.08239,    2.53857,    4.43166,    2.04900,    0.24678,    7.89590,    0.18316,    2.80509,    1.76685,   -0.30140,   -5.42728,   -0.53365,   -1.15342,   -0.45504,   -1.00649,   -0.00921,    1.24327,    0.24363,   -0.00903,   -0.16317,    0.78251,    3.16638,    0.31281
ρ:        0.00000,    0.00000,    0.00000,    0.00000,    0.00000,    0.00000;    ξ:        3.38666,    2.59916,    2.01308,    0.05367,    2.10926,    2.46357,    4.56930,    2.06148,    0.24320,    8.00475,    0.17507,    2.83050,    1.77647,   -0.33141,   -5.56940,   -0.53461,   -1.19375,   -0.45790,   -0.99455,   -0.00060,    1.26497,    0.27332,   -0.00614,   -0.15121,    0.78268,    3.19301,    0.32102
ρ:        0.00000,    0.00000,    0.00000,    0.00000,    0.00000,    0.00000;    ξ:        3.40006,    2.56200,    2.01678,    0.01387,    2.08300,    2.52508,    4.48406,    2.12287,    0.23495,    7.87387,    0.20486,    2.88448,    1.81637,   -0.28094,   -5.47910,   -0.57181,   -1.21696,   -0.43575,   -1.05925,   -0.01552,    1.26228,    0.23259,   -0.01314,   -0.14158,    0.85532,    3.20512,    0.35513
ρ:        0.00000,    0.00000,    0.00000,    0.00000,    0.00000,    0.00000;    ξ:        3.37499,    2.59400,    2.01092,    0.02855,    2.11593,    2.50120,    4.66805,    2.02589,    0.25373,    7.85675,    0.19322,    2.86780,    1.81546,   -0.31028,   -5.57209,   -0.59886,   -1.27507,   -0.46211,   -1.01360,   -0.00670,    1.20129,    0.22321,   -0.01242,   -0.16588,    0.87628,    3.25745,    0.38290
ρ:        0.00000,    0.00000,    0.00000,    0.00000,    0.00000,    0.00000;    ξ:        3.40729,    2.53878,    2.01985,    0.02358,    2.10533,    2.52167,    4.57630,    2.07179,    0.24063,    8.10411,    0.18807,    2.85369,    1.80803,   -0.30019,   -5.61690,   -0.54496,   -1.23117,   -0.45023,   -1.05100,   -0.01288,    1.23955,    0.23826,   -0.01430,   -0.15682,    0.81375,    3.24107,    0.32946
ρ:        0.00000,    0.00000,    0.00000,    0.00000,    0.00000,    0.00000;    ξ:        3.42231,    2.60562,    2.02483,    0.02173,    2.10415,    2.46855,    4.51053,    2.04053,    0.24206,    8.03641,    0.17655,    2.85310,    1.77321,   -0.30850,   -5.55905,   -0.55346,   -1.22454,   -0.45004,   -1.04255,   -0.01015,    1.22881,    0.25758,   -0.00945,   -0.15353,    0.81568,    3.22374,    0.33639
ρ:        0.00000,    0.00000,    0.00000,    0.00000,    0.00000,    0.00000;    ξ:        3.39538,    2.58438,    2.01977,    0.02146,    2.10033,    2.51445,    4.52537,    2.02249,    0.24630,    7.92712,    0.17462,    2.78680,    1.73731,   -0.31587,   -5.51080,   -0.52413,   -1.18566,   -0.45124,   -0.94935,   -0.00036,    1.24870,    0.25772,   -0.00725,   -0.14229,    0.77614,    3.16942,    0.31846
ρ:        0.00000,    0.00000,    0.00000,    0.00000,    0.00000,    0.00000;    ξ:        3.36147,    2.54535,    2.01707,    0.12701,    2.10040,    2.48467,    4.52856,    2.05120,    0.24198,    7.98587,    0.16645,    2.82511,    1.75592,   -0.32290,   -5.56151,   -0.51558,   -1.17764,   -0.44237,   -1.01728,   -0.00707,    1.27036,    0.28692,   -0.00684,   -0.12902,    0.74557,    3.14182,    0.29458
ρ:        0.00000,    0.00000,    0.00000,    0.00000,    0.00000,    0.00000;    ξ:        3.37235,    2.56153,    2.01263,    0.02416,    2.11368,    2.55546,    4.56537,    2.06007,    0.24881,    7.86758,    0.18486,    2.85896,    1.81157,   -0.31284,   -5.51873,   -0.56426,   -1.22389,   -0.45399,   -1.04197,   -0.01029,    1.22943,    0.25426,   -0.01075,   -0.14999,    0.82623,    3.20820,    0.34627
ρ:        0.00000,    0.00000,    0.00000,    0.00000,    0.00000,    0.00000;    ξ:        3.39595,    2.56736,    2.02985,    0.01263,    2.09913,    2.54722,    4.53500,    2.06257,    0.24192,    8.13261,    0.17700,    2.83375,    1.77766,   -0.30710,   -5.60382,   -0.54733,   -1.20757,   -0.45394,   -1.02811,   -0.01001,    1.25227,    0.24666,   -0.00962,   -0.16030,    0.80808,    3.22213,    0.32695
ρ:        0.00000,    0.00000,    0.00000,    0.00000,    0.00000,    0.00000;    ξ:        3.39714,    2.55800,    2.02746,    0.01614,    2.09275,    2.52452,    4.52164,    2.07334,    0.23684,    8.11018,    0.18231,    2.82127,    1.78133,   -0.30524,   -5.58925,   -0.55712,   -1.21150,   -0.44753,   -1.03748,   -0.01453,    1.25046,    0.25234,   -0.00736,   -0.15259,    0.82411,    3.21698,    0.33330
ρ:        0.00000,    0.00000,    0.00000,    0.00000,    0.00000,    0.00000;    ξ:        3.41456,    2.57686,    2.01712,    0.00559,    2.10566,    2.56285,    4.62492,    2.04066,    0.24839,    7.86739,    0.18068,    2.80469,    1.79153,   -0.31906,   -5.54012,   -0.57507,   -1.27305,   -0.45585,   -0.97310,   -0.02074,    1.20033,    0.24876,   -0.00747,   -0.14673,    0.82033,    3.25479,    0.33374
ρ:        0.00000,    0.00000,    0.00000,    0.00000,    0.00000,    0.00000;    ξ:        3.38456,    2.53162,    2.02336,    0.01123,    2.11522,    2.55480,    4.55294,    2.08886,    0.23837,    7.92782,    0.18315,    2.92271,    1.83599,   -0.29530,   -5.54059,   -0.56694,   -1.27086,   -0.45123,   -1.08636,   -0.02337,    1.22148,    0.22959,   -0.01052,   -0.16329,    0.82915,    3.27725,    0.34709
ρ:        0.00000,    0.00000,    0.00000,    0.00000,    0.00000,    0.00000;    ξ:        3.39930,    2.55068,    2.01728,    0.04651,    2.10302,    2.52961,    4.51601,    2.05932,    0.24446,    8.03341,    0.18059,    2.82131,    1.77356,   -0.30655,   -5.55398,   -0.53900,   -1.20135,   -0.46062,   -1.02350,    0.00999,    1.24618,    0.24079,   -0.01391,   -0.16708,    0.80672,    3.20180,    0.34452
ρ:        0.00000,    0.00000,    0.00000,    0.00000,    0.00000,    0.00000;    ξ:        3.49471,    3.71217,    2.10816,    0.01986,    2.11151,    3.11646,    4.17970,    0.23393,    0.13828,    8.07817,    0.17533,    1.37781,    0.98781,   -0.09841,   -5.66641,   -0.61346,   -1.88316,   -0.03003,   -1.34844,   -0.14431,   -0.45526,    0.31904,    0.01328,    0.24961,    0.75521,    3.00370,    0.16582
ρ:        0.00000,    0.00000,    0.00000,    0.00000,    0.00000,    0.00000;    ξ:        3.39333,    2.58002,    2.02696,    0.01142,    2.10710,    2.51645,    4.46756,    2.03613,    0.24234,    8.20024,    0.17510,    2.80763,    1.76194,   -0.28702,   -5.58027,   -0.53500,   -1.16322,   -0.45357,   -1.03512,   -0.00049,    1.24783,    0.21865,   -0.01284,   -0.17865,    0.80999,    3.19771,    0.33375
ρ:        0.00000,    0.00000,    0.00000,    0.00000,    0.00000,    0.00000;    ξ:        3.38819,    2.56092,    2.02713,    0.03222,    2.09564,    2.46132,    4.44677,    1.99660,    0.24041,    7.75144,    0.21668,    2.90461,    1.72355,   -0.25721,   -5.41174,   -0.61862,   -1.27776,   -0.43603,   -0.96642,    0.00104,    1.22167,    0.17732,   -0.01775,   -0.17907,    0.92884,    3.26203,    0.42122
ρ:        0.00000,    0.00000,    0.00000,    0.00000,    0.00000,    0.00000;    ξ:        3.38804,    2.58003,    2.00166,    0.01504,    2.11825,    2.48778,    4.59137,    2.02272,    0.25948,    7.97576,    0.16525,    2.85023,    1.76259,   -0.33359,   -5.56861,   -0.52572,   -1.21176,   -0.47377,   -0.97078,    0.01086,    1.25207,    0.26318,   -0.01107,   -0.16567,    0.78250,    3.21854,    0.33783
ρ:        0.00000,    0.00000,    0.00000,    0.00000,    0.00000,    0.00000;    ξ:        3.38450,    2.57962,    2.01814,    0.00955,    2.08507,    2.53068,    4.56674,    2.04263,    0.24053,    8.08710,    0.18184,    2.78062,    1.78221,   -0.29387,   -5.58265,   -0.55063,   -1.23367,   -0.44262,   -0.99513,   -0.01608,    1.21575,    0.23211,   -0.01162,   -0.15328,    0.80886,    3.25364,    0.32495
ρ:        0.00000,    0.00000,    0.00000,    0.00000,    0.00000,    0.00000;    ξ:        3.39342,    2.57895,    2.02092,    0.02047,    2.09675,    2.51871,    4.62646,    2.03982,    0.24429,    7.91484,    0.18540,    2.83872,    1.78617,   -0.33262,   -5.57976,   -0.53994,   -1.22900,   -0.45366,   -1.00197,    0.00741,    1.24438,    0.27702,   -0.01102,   -0.14154,    0.80583,    3.19420,    0.34225
ρ:        0.00000,    0.00000,    0.00000,    0.00000,    0.00000,    0.00000;    ξ:        3.38966,    2.56697,    2.01490,    0.01493,    2.12099,    2.50296,    4.41588,    2.03398,    0.25005,    7.81959,    0.17680,    2.79215,    1.74263,   -0.31717,   -5.40645,   -0.53432,   -1.15146,   -0.46479,   -0.97567,    0.01435,    1.25290,    0.24894,   -0.01397,   -0.16662,    0.80631,    3.13061,    0.35142
ρ:        0.00000,    0.00000,    0.00000,    0.00000,    0.00000,    0.00000;    ξ:        3.38945,    2.54096,    2.03236,    0.00568,    2.09249,    2.45832,    4.52180,    2.08477,    0.24626,    8.02578,    0.18182,    2.83892,    1.80782,   -0.31676,   -5.54033,   -0.53988,   -1.18865,   -0.45883,   -1.04467,   -0.00655,    1.24123,    0.25889,   -0.01019,   -0.15499,    0.79318,    3.20350,    0.32252
ρ:        0.00000,    0.00000,    0.00000,    0.00000,    0.00000,    0.00000;    ξ:        3.38891,    2.54778,    2.02637,    0.01085,    2.09061,    2.54934,    4.41743,    2.02330,    0.24036,    7.79418,    0.18784,    2.79161,    1.72442,   -0.29571,   -5.39190,   -0.53937,   -1.20883,   -0.44402,   -0.94767,   -0.00235,    1.22527,    0.23172,   -0.01110,   -0.15481,    0.79180,    3.19026,    0.32655
ρ:        0.00000,    0.00000,    0.00000,    0.00000,    0.00000,    0.00000;    ξ:        3.40574,    2.57279,    2.01915,    0.00969,    2.09345,    2.50619,    4.52993,    2.08005,    0.24748,    7.94415,    0.19296,    2.87042,    1.80361,   -0.29280,   -5.53261,   -0.56667,   -1.21988,   -0.45419,   -1.05284,   -0.00917,    1.25042,    0.23066,   -0.01491,   -0.16611,    0.84061,    3.21164,    0.35153
ρ_opt:    0.00000,    0.00000,    0.00000,    0.00000,    0.00000,    0.00000;    ξ_opt:    3.42016,    2.59413,    2.00997,    0.00315,    2.12108,    2.52354,    4.35968,    1.95957,    0.24895,    7.86095,    0.18033,    2.84962,    1.65710,   -0.29094,   -5.39185,   -0.54247,   -1.21925,   -0.45204,   -0.91090,    0.00199,    1.23240,    0.22644,   -0.01437,   -0.16802,    0.80594,    3.22496,    0.33862
