ρ:        0.00000,    0.00000,    0.00000,    0.00000,    0.00000,    0.00000,    0.00000;    ξ:        2.02043,    1.25206,    1.12433,    0.60374,    0.04923,    2.29648,    2.32110,    1.37345,    0.25975,    0.34731,    1.19698,    2.96547,    0.35980,    0.58691,    0.16818,    0.07174,    0.57702,   -1.44916,   -0.04598,   -0.57722,    0.14888,    0.12048,   -0.28444,   -0.02818,   -0.13176,    0.38477,    0.24158,    0.09145,    0.02236,    0.23043,    0.10427,   -0.18981,    0.61969,    1.12263,    0.35029
ρ:        0.00000,    0.00000,    0.00000,    0.00000,    0.00000,    0.00000,    0.00000;    ξ:        2.03517,    1.24640,    1.13576,    0.60846,    0.00972,    2.29472,    2.32354,    1.36446,    0.26677,    0.34630,    1.21178,    3.03825,    0.36725,    0.59691,    0.16213,    0.07358,    0.57725,   -1.46557,   -0.04274,   -0.58114,    0.15126,    0.11748,   -0.28214,   -0.02524,   -0.12843,    0.39390,    0.24232,    0.09136,    0.02130,    0.23236,    0.10391,   -0.19322,    0.62785,    1.14403,    0.35498
ρ:        0.00000,    0.00000,    0.00000,    0.00000,    0.00000,    0.00000,    0.00000;    ξ:        2.00659,    1.25201,    1.12839,    0.60223,    0.01677,    2.28001,    2.32520,    1.37562,    0.26125,    0.34770,    1.19221,    3.01266,    0.37303,    0.59210,    0.16694,    0.07385,    0.57375,   -1.45247,   -0.04004,   -0.57091,    0.14940,    0.11824,   -0.28288,   -0.02697,   -0.12988,    0.38742,    0.24055,    0.08850,    0.02092,    0.23995,    0.10380,   -0.18493,    0.63122,    1.13510,    0.35905
ρ:        0.00000,    0.00000,    0.00000,    0.00000,    0.00000,    0.00000,    0.00000;    ξ:        1.99870,    1.24813,    1.13297,    0.59329,    0.10538,    2.29043,    2.33013,    1.36789,    0.26316,    0.34689,    1.19984,    2.93634,    0.37217,    0.56979,    0.16635,    0.07127,    0.57959,   -1.43213,   -0.03996,   -0.55767,    0.15120,    0.11946,   -0.28025,   -0.02530,   -0.12669,    0.38861,    0.24548,    0.09198,    0.02330,    0.22817,    0.10011,   -0.18956,    0.62072,    1.09947,    0.35678
ρ:        0.00000,    0.00000,    0.00000,    0.00000,    0.00000,    0.00000,    0.00000;    ξ:        2.05528,    1.29554,    1.23837,    0.62950,    0.03301,    2.30022,    2.34522,    1.33913,    0.22781,    0.27207,    1.17748,    2.99825,    0.34732,    0.56651,    0.19237,    0.04163,    0.57634,   -1.44929,   -0.06742,   -0.58612,    0.16681,    0.10403,   -0.26971,    0.00216,   -0.10408,    0.39579,    0.23149,    0.04869,   -0.01426,    0.25290,    0.11046,   -0.17151,    0.61939,    1.12087,    0.34049
ρ:        0.00000,    0.00000,    0.00000,    0.00000,    0.00000,    0.00000,    0.00000;    ξ:        2.03297,    1.25320,    1.13936,    0.60337,    0.04163,    2.27447,    2.32930,    1.36641,    0.25993,    0.34716,    1.19815,    2.99597,    0.36882,    0.58913,    0.16695,    0.07354,    0.57255,   -1.45000,   -0.04069,   -0.57301,    0.15217,    0.11791,   -0.28258,   -0.02609,   -0.13005,    0.39139,    0.24212,    0.08759,    0.02408,    0.23718,    0.09635,   -0.18509,    0.61710,    1.13710,    0.35780
ρ:        0.00000,    0.00000,    0.00000,    0.00000,    0.00000,    0.00000,    0.00000;    ξ:        2.48059,    1.23914,    1.11829,    0.95985,    0.60960,    2.36943,    2.23895,    0.00012,    0.26404,    0.34496,    0.74992,    1.66791,    0.40686,    0.50576,   -0.00316,   -0.00546,   -0.00318,   -0.00031,    0.00036,    0.00089,    0.14136,    0.07158,   -0.19233,   -0.05916,   -0.11855,    0.32994,    0.28142,    0.07842,    0.03982,    0.58365,    0.06255,   -0.01228,    0.71268,    0.75570,    0.43608
ρ:        0.00000,    0.00000,    0.00000,    0.00000,    0.00000,    0.00000,    0.00000;    ξ:        2.07244,    1.51385,    1.19200,    0.59227,    0.09612,    2.28795,    2.33340,    1.32468,    0.05078,    0.27628,    1.20488,    2.93399,    0.37002,    0.57638,    0.25885,    0.12467,    0.57679,   -1.43508,   -0.05623,   -0.57933,    0.01910,    0.10921,   -0.28082,   -0.00925,   -0.11158,    0.39058,    0.24571,    0.09589,    0.02663,    0.23773,    0.09885,   -0.19397,    0.62091,    1.10673,    0.35687
ρ:        0.00000,    0.00000,    0.00000,    0.00000,    0.00000,    0.00000,    0.00000;    ξ:        2.02573,    1.24919,    1.13511,    0.60828,    0.02167,    2.29551,    2.33012,    1.37613,    0.26309,    0.34472,    1.20295,    2.99857,    0.37039,    0.58756,    0.17268,    0.07077,    0.57942,   -1.45930,   -0.04397,   -0.57943,    0.15004,    0.12224,   -0.29099,   -0.02439,   -0.13079,    0.38875,    0.23932,    0.09444,    0.02529,    0.22358,    0.10818,   -0.18868,    0.63175,    1.14033,    0.35690
ρ:        0.00000,    0.00000,    0.00000,    0.00000,    0.00000,    0.00000,    0.00000;    ξ:        2.02932,    1.25371,    1.13182,    0.60434,    0.01267,    2.30312,    2.32546,    1.36106,    0.25735,    0.34524,    1.18720,    3.03787,    0.36008,    0.59240,    0.16141,    0.07367,    0.57313,   -1.45437,   -0.03296,   -0.57297,    0.14964,    0.11723,   -0.27749,   -0.02334,   -0.12517,    0.38562,    0.24774,    0.08960,    0.02762,    0.23806,    0.09946,   -0.18052,    0.60981,    1.14317,    0.34950
ρ:        0.00000,    0.00000,    0.00000,    0.00000,    0.00000,    0.00000,    0.00000;    ξ:        2.02827,    1.25715,    1.15823,    0.60920,    0.01616,    2.28996,    2.33258,    1.37571,    0.25714,    0.32979,    1.18250,    3.01662,    0.37055,    0.58189,    0.16959,    0.07004,    0.57211,   -1.46014,   -0.04614,   -0.56955,    0.15047,    0.11378,   -0.29234,   -0.02889,   -0.13068,    0.39368,    0.25627,    0.09343,    0.02399,    0.22771,    0.09832,   -0.19019,    0.63331,    1.12801,    0.35746
ρ:        0.00000,    0.00000,    0.00000,    0.00000,    0.00000,    0.00000,    0.00000;    ξ:        2.03015,    1.25069,    1.12620,    0.60850,    0.00753,    2.28673,    2.32765,    1.37169,    0.26081,    0.34888,    1.19069,    3.02765,    0.37196,    0.59255,    0.17117,    0.07288,    0.57244,   -1.46220,   -0.04549,   -0.58108,    0.14946,    0.11973,   -0.28483,   -0.02438,   -0.12942,    0.38822,    0.24208,    0.08797,    0.02087,    0.24149,    0.10151,   -0.18959,    0.63064,    1.14220,    0.36025
ρ:        0.00000,    0.00000,    0.00000,    0.00000,    0.00000,    0.00000,    0.00000;    ξ:        2.04658,    1.25258,    1.12959,    0.59718,    0.01008,    2.28726,    2.34405,    1.37679,    0.26385,    0.34712,    1.19228,    3.02674,    0.36939,    0.59084,    0.17867,    0.07303,    0.56909,   -1.46024,   -0.04679,   -0.58436,    0.15038,    0.12112,   -0.29620,   -0.02661,   -0.13387,    0.38766,    0.24440,    0.09167,    0.02242,    0.25056,    0.10557,   -0.18764,    0.63756,    1.14434,    0.35876
ρ:        0.00000,    0.00000,    0.00000,    0.00000,    0.00000,    0.00000,    0.00000;    ξ:        2.02913,    1.24983,    1.13506,    0.60540,    0.01231,    2.28899,    2.33927,    1.37117,    0.25982,    0.34390,    1.19737,    3.03547,    0.37287,    0.57974,    0.17000,    0.07288,    0.57302,   -1.46652,   -0.04845,   -0.57415,    0.14949,    0.12094,   -0.28485,   -0.02519,   -0.12849,    0.38866,    0.24572,    0.09184,    0.02248,    0.23696,    0.10214,   -0.18703,    0.63465,    1.13521,    0.35784
ρ:        0.00000,    0.00000,    0.00000,    0.00000,    0.00000,    0.00000,    0.00000;    ξ:        2.00229,    1.25492,    1.15362,    0.59810,    0.06439,    2.26175,    2.33242,    1.37178,    0.25852,    0.33729,    1.18933,    2.97475,    0.38536,    0.57261,    0.16620,    0.07326,    0.57106,   -1.43696,   -0.03791,   -0.55994,    0.15021,    0.11470,   -0.28639,   -0.03115,   -0.13102,    0.38912,    0.25388,    0.09375,    0.02023,    0.23441,    0.09548,   -0.19837,    0.62417,    1.10427,    0.35596
ρ:        0.00000,    0.00000,    0.00000,    0.00000,    0.00000,    0.00000,    0.00000;    ξ:        2.02724,    1.25045,    1.13042,    0.61980,    0.01630,    2.28895,    2.34181,    1.38455,    0.26222,    0.34862,    1.18381,    3.01210,    0.37133,    0.58594,    0.17416,    0.07583,    0.56765,   -1.46453,   -0.04888,   -0.58364,    0.14949,    0.12074,   -0.29177,   -0.02598,   -0.13303,    0.39146,    0.24081,    0.09336,    0.02262,    0.24135,    0.10510,   -0.18149,    0.63850,    1.14455,    0.35871
ρ:        0.00000,    0.00000,    0.00000,    0.00000,    0.00000,    0.00000,    0.00000;    ξ:        2.00760,    1.50102,    1.20560,    0.57166,    0.24942,    2.27745,    2.30808,    1.29573,    0.05467,    0.27361,    1.20911,    2.74845,    0.36616,    0.56108,    0.26574,    0.12232,    0.58614,   -1.33387,   -0.02531,   -0.54385,    0.02057,    0.10960,   -0.28030,   -0.00437,   -0.11021,    0.38211,    0.23785,    0.09004,    0.02545,    0.24245,    0.09922,   -0.19312,    0.58197,    1.04727,    0.34729
ρ:        0.00000,    0.00000,    0.00000,    0.00000,    0.00000,    0.00000,    0.00000;    ξ:        2.03058,    1.25348,    1.13356,    0.59873,    0.04331,    2.28776,    2.32015,    1.36773,    0.26348,    0.34719,    1.18860,    2.97430,    0.37078,    0.59056,    0.17419,    0.07087,    0.56369,   -1.44220,   -0.04089,   -0.57190,    0.15186,    0.11979,   -0.29033,   -0.02645,   -0.13295,    0.38930,    0.24688,    0.09451,    0.02545,    0.24930,    0.10569,   -0.18002,    0.62574,    1.12940,    0.35850
ρ:        0.00000,    0.00000,    0.00000,    0.00000,    0.00000,    0.00000,    0.00000;    ξ:        2.00213,    1.25265,    1.13738,    0.59858,    0.08118,    2.28003,    2.32666,    1.36715,    0.25735,    0.34445,    1.19828,    2.94856,    0.37859,    0.58331,    0.15719,    0.06640,    0.57753,   -1.43135,   -0.03997,   -0.56713,    0.14818,    0.11468,   -0.27160,   -0.02618,   -0.12618,    0.38471,    0.24962,    0.09077,    0.02537,    0.23303,    0.10033,   -0.18976,    0.61671,    1.11549,    0.35537
ρ:        0.00000,    0.00000,    0.00000,    0.00000,    0.00000,    0.00000,    0.00000;    ξ:        2.00185,    1.25069,    1.13697,    0.59866,    0.08553,    2.27505,    2.31391,    1.37049,    0.25925,    0.34356,    1.18938,    2.94098,    0.37698,    0.60260,    0.16845,    0.07138,    0.57220,   -1.43170,   -0.03538,   -0.57153,    0.14933,    0.11899,   -0.28208,   -0.02589,   -0.13061,    0.38506,    0.24385,    0.08754,    0.02369,    0.23764,    0.09854,   -0.18887,    0.61109,    1.12630,    0.36157
ρ:        0.00000,    0.00000,    0.00000,    0.00000,    0.00000,    0.00000,    0.00000;    ξ:        2.03061,    1.25198,    1.12793,    0.60061,    0.01393,    2.28233,    2.33952,    1.36569,    0.26105,    0.34628,    1.19004,    3.03746,    0.37612,    0.58330,    0.17058,    0.06139,    0.56985,   -1.46309,   -0.04557,   -0.57270,    0.14779,    0.12063,   -0.28665,   -0.02561,   -0.12708,    0.38141,    0.25057,    0.08587,    0.02660,    0.23869,    0.09744,   -0.18875,    0.62478,    1.13392,    0.35809
ρ:        0.00000,    0.00000,    0.00000,    0.00000,    0.00000,    0.00000,    0.00000;    ξ:        2.00316,    1.25275,    1.12921,    0.59835,    0.09209,    2.28831,    2.32918,    1.37425,    0.26147,    0.34803,    1.19748,    2.94457,    0.36765,    0.58270,    0.16996,    0.07054,    0.57790,   -1.44144,   -0.04151,   -0.56648,    0.15074,    0.12031,   -0.28248,   -0.02611,   -0.13072,    0.38587,    0.24337,    0.08733,    0.02173,    0.22537,    0.09945,   -0.18842,    0.61886,    1.11820,    0.35812
ρ:        0.00000,    0.00000,    0.00000,    0.00000,    0.00000,    0.00000,    0.00000;    ξ:        2.02439,    1.25171,    1.13761,    0.60175,    0.02630,    2.28869,    2.32257,    1.38543,    0.25883,    0.34611,    1.19876,    2.99577,    0.37645,    0.58860,    0.17163,    0.07196,    0.57603,   -1.45977,   -0.04739,   -0.57995,    0.15053,    0.11942,   -0.28945,   -0.02843,   -0.12952,    0.39178,    0.24775,    0.09602,    0.02578,    0.23802,    0.10631,   -0.18838,    0.63692,    1.12978,    0.35870
ρ:        0.00000,    0.00000,    0.00000,    0.00000,    0.00000,    0.00000,    0.00000;    ξ:        2.09081,    1.48380,    1.09980,    0.60038,    0.03359,    2.29651,    2.29327,    1.33872,    0.08280,    0.34726,    1.18931,    2.98111,    0.36526,    0.61190,    0.23060,    0.08648,    0.53473,   -1.50421,   -0.06784,   -0.59751,    0.13618,    0.21452,   -0.15115,    0.01850,   -0.08627,    0.37250,    0.20054,    0.07962,    0.00780,    0.21897,    0.09845,   -0.19705,    0.62416,    1.12762,    0.35092
ρ:        0.00000,    0.00000,    0.00000,    0.00000,    0.00000,    0.00000,    0.00000;    ξ:        2.02740,    1.25729,    1.12413,    0.60729,    0.01837,    2.28923,    2.33125,    1.36317,    0.25935,    0.34976,    1.18557,    3.01458,    0.36430,    0.59204,    0.16180,    0.07170,    0.57468,   -1.44986,   -0.03246,   -0.57167,    0.14783,    0.11794,   -0.28130,   -0.02045,   -0.12769,    0.38314,    0.23661,    0.08736,    0.02025,    0.22995,    0.09850,   -0.18335,    0.60868,    1.14418,    0.35522
ρ:        0.00000,    0.00000,    0.00000,    0.00000,    0.00000,    0.00000,    0.00000;    ξ:        2.03048,    1.24924,    1.12716,    0.60642,    0.01099,    2.29160,    2.34108,    1.36665,    0.26179,    0.34791,    1.19076,    3.00513,    0.37192,    0.58731,    0.16953,    0.07278,    0.56953,   -1.45057,   -0.04658,   -0.58140,    0.15099,    0.12047,   -0.28563,   -0.02599,   -0.13052,    0.38655,    0.24080,    0.09026,    0.02166,    0.24200,    0.10130,   -0.18829,    0.63367,    1.13905,    0.35842
ρ:        0.00000,    0.00000,    0.00000,    0.00000,    0.00000,    0.00000,    0.00000;    ξ:        2.03039,    1.25156,    1.13134,    0.60773,    0.01988,    2.29130,    2.32973,    1.35426,    0.26003,    0.34705,    1.19303,    2.97577,    0.36877,    0.58681,    0.16549,    0.07151,    0.57517,   -1.43042,   -0.04008,   -0.56300,    0.14965,    0.11898,   -0.28159,   -0.02842,   -0.12895,    0.38590,    0.24432,    0.08817,    0.02320,    0.23590,    0.09952,   -0.18488,    0.62410,    1.12320,    0.35902
ρ:        0.00000,    0.00000,    0.00000,    0.00000,    0.00000,    0.00000,    0.00000;    ξ:        2.03197,    1.24745,    1.12876,    0.60125,    0.01516,    2.27442,    2.34314,    1.36720,    0.26241,    0.35020,    1.20115,    3.02011,    0.37515,    0.58340,    0.16856,    0.07281,    0.57257,   -1.45667,   -0.04332,   -0.57697,    0.15196,    0.11979,   -0.28630,   -0.02633,   -0.13011,    0.39021,    0.24267,    0.09003,    0.02302,    0.24140,    0.10344,   -0.18686,    0.62523,    1.13770,    0.35519
ρ:        0.00000,    0.00000,    0.00000,    0.00000,    0.00000,    0.00000,    0.00000;    ξ:        1.96235,    1.24312,    1.11602,    0.59639,    0.20299,    2.27041,    2.30633,    1.36182,    0.26198,    0.35538,    1.18885,    2.80364,    0.38039,    0.56897,    0.16257,    0.07079,    0.57826,   -1.38298,   -0.02404,   -0.54748,    0.14968,    0.12261,   -0.26736,   -0.02292,   -0.12591,    0.37856,    0.22868,    0.08351,    0.01786,    0.21926,    0.09414,   -0.19259,    0.59579,    1.07126,    0.35587
ρ:        0.00000,    0.00000,    0.00000,    0.00000,    0.00000,    0.00000,    0.00000;    ξ:        2.02443,    1.29323,    1.24044,    0.61159,    0.12452,    2.28421,    2.28038,    1.30971,    0.25761,    0.25516,    1.23529,    2.91487,    0.35341,    0.59643,    0.23617,   -0.00499,    0.60030,   -1.40455,   -0.06684,   -0.57696,    0.15510,    0.13907,   -0.32073,    0.00438,   -0.12609,    0.38815,    0.28611,    0.05631,    0.00860,    0.22567,    0.10303,   -0.19333,    0.61410,    1.10056,    0.34079
ρ:        0.00000,    0.00000,    0.00000,    0.00000,    0.00000,    0.00000,    0.00000;    ξ:        2.01903,    1.24964,    1.13265,    0.59968,    0.06154,    2.28961,    2.32523,    1.37195,    0.26432,    0.34817,    1.20187,    2.99444,    0.36927,    0.58132,    0.16996,    0.06832,    0.57901,   -1.44878,   -0.04100,   -0.56782,    0.15031,    0.11957,   -0.28646,   -0.02596,   -0.13031,    0.38706,    0.25069,    0.09074,    0.02377,    0.23551,    0.10169,   -0.18972,    0.62432,    1.12162,    0.35550
ρ:        0.00000,    0.00000,    0.00000,    0.00000,    0.00000,    0.00000,    0.00000;    ξ:        2.09406,    1.50682,    1.17812,    0.57974,    0.06200,    2.29545,    2.34357,    1.33690,    0.04703,    0.28445,    1.21845,    2.95978,    0.36141,    0.57512,    0.24910,    0.12265,    0.58812,   -1.45856,   -0.07010,   -0.59058,    0.02851,    0.12496,   -0.24494,   -0.00136,   -0.09942,    0.39218,    0.24984,    0.09783,    0.03021,    0.22111,    0.09052,   -0.20207,    0.62593,    1.11455,    0.35394
ρ_opt:    0.00000,    0.00000,    0.00000,    0.00000,    0.00000,    0.00000,    0.00000;    ξ_opt:    2.04658,    1.25258,    1.12959,    0.59718,    0.01008,    2.28726,    2.34405,    1.37679,    0.26385,    0.34712,    1.19228,    3.02674,    0.36939,    0.59084,    0.17867,    0.07303,    0.56909,   -1.46024,   -0.04679,   -0.58436,    0.15038,    0.12112,   -0.29620,   -0.02661,   -0.13387,    0.38766,    0.24440,    0.09167,    0.02242,    0.25056,    0.10557,   -0.18764,    0.63756,    1.14434,    0.35876
