transductive;       ac_lr;    0.60553,    0.64660,    0.65928,    0.62996,    0.65580,    0.65025,    0.63880,    0.64083,    0.60690,    0.64256
transductive;      ac_sgc;    0.40314,    0.40541,    0.41246,    0.39157,    0.41500,    0.40610,    0.39961,    0.40364,    0.37760,    0.38745
transductive;      ac_gcn;    0.44906,    0.45431,    0.45804,    0.43114,    0.46048,    0.45477,    0.44656,    0.45248,    0.41280,    0.43007
transductive;       ac_lp;    0.32213,    0.32959,    0.29176,    0.33153,    0.31300,    0.33062,    0.30377,    0.28084,    0.30933,    0.28685
transductive;      ac_lgc;    0.60553,    0.64660,    0.65928,    0.62996,    0.65580,    0.65025,    0.63880,    0.64083,    0.60690,    0.64256
transductive;    ac_lgcrp;    0.60553,    0.64660,    0.65826,    0.62996,    0.65580,    0.65025,    0.63880,    0.64083,    0.60569,    0.64256
transductive;    ac_sgcrp;    0.44017,    0.45537,    0.44820,    0.44606,    0.45649,    0.44843,    0.42980,    0.43332,    0.43709,    0.41266
transductive;    ac_gcnrp;    0.46211,    0.47275,    0.47883,    0.45674,    0.47377,    0.46855,    0.45352,    0.46011,    0.44873,    0.43395
   inductive;       ac_lr;    0.66395,    0.69983,    0.71252,    0.69218,    0.70874,    0.70093,    0.71032,    0.70461,    0.66728,    0.69253
   inductive;      ac_sgc;    0.41247,    0.41106,    0.42961,    0.41749,    0.44637,    0.41090,    0.41894,    0.42423,    0.38839,    0.40541
   inductive;      ac_gcn;    0.44973,    0.44328,    0.46635,    0.45583,    0.47963,    0.42093,    0.43997,    0.45018,    0.41102,    0.44283
   inductive;       ac_lp;    0.33037,    0.32846,    0.29112,    0.33461,    0.31028,    0.33474,    0.30860,    0.28195,    0.31417,    0.29684
   inductive;      ac_lgc;    0.66395,    0.69983,    0.71252,    0.69218,    0.70874,    0.70093,    0.71032,    0.70461,    0.66728,    0.69253
   inductive;    ac_lgcrp;    0.66395,    0.69983,    0.70743,    0.69218,    0.70874,    0.70093,    0.71032,    0.70461,    0.66358,    0.69253
   inductive;    ac_sgcrp;    0.45724,    0.46138,    0.46041,    0.46401,    0.47957,    0.46137,    0.44793,    0.45128,    0.45557,    0.43529
   inductive;    ac_gcnrp;    0.47162,    0.47167,    0.48834,    0.48131,    0.49566,    0.45964,    0.45951,    0.46918,    0.46671,    0.46098
coefficients;         lr;    0.00198,    0.04900,   -0.30396,   -0.00703,    0.49712,    0.08224,   -0.08841,   -0.10861,   -0.08138,   -0.28657
coefficients;        lgc;    0.00198,    0.04900,   -0.30396,   -0.00703,    0.49712,    0.08224,   -0.08841,   -0.10861,   -0.08138,   -0.28657
coefficients;        sgc;    0.02791,    0.14765,   -0.20970,   -0.11722,    0.47488,    0.08899,   -0.20275,   -0.35247,   -0.11094,   -0.18209
