transductive;       ac_lr;    0.37472,    0.39746,    0.35540,    0.39432,    0.38492,    0.40166,    0.38890,    0.38827,    0.39169,    0.40815
transductive;      ac_sgc;    0.36180,    0.41918,    0.40300,    0.41610,    0.40723,    0.41158,    0.41675,    0.40638,    0.41292,    0.42821
transductive;      ac_gcn;    0.53632,    0.56080,    0.56008,    0.56195,    0.56359,    0.55518,    0.53366,    0.54909,    0.52429,    0.58099
transductive;       ac_lp;    0.55826,    0.55951,    0.57848,    0.56052,    0.56421,    0.56751,    0.57165,    0.57947,    0.56196,    0.58468
transductive;      ac_lgc;    0.43926,    0.46918,    0.44309,    0.47656,    0.46547,    0.46821,    0.46593,    0.46447,    0.46813,    0.48946
transductive;    ac_lgcrp;    0.60508,    0.62862,    0.64172,    0.62698,    0.62815,    0.62055,    0.61043,    0.63719,    0.63008,    0.65822
transductive;    ac_sgcrp;    0.57286,    0.60508,    0.61690,    0.60476,    0.59679,    0.60336,    0.60626,    0.60383,    0.60488,    0.62792
transductive;    ac_gcnrp;    0.59306,    0.60603,    0.61015,    0.60351,    0.59292,    0.60542,    0.61690,    0.60960,    0.61722,    0.62476
   inductive;       ac_lr;    0.26965,    0.30969,    0.28802,    0.30878,    0.27551,    0.30038,    0.30056,    0.27177,    0.28099,    0.34584
   inductive;      ac_sgc;    0.17698,    0.25160,    0.28124,    0.26293,    0.21636,    0.23145,    0.25835,    0.23727,    0.23660,    0.27441
   inductive;      ac_gcn;    0.31883,    0.26159,    0.28487,    0.32005,    0.29392,    0.27341,    0.34355,    0.31046,    0.31850,    0.34153
   inductive;       ac_lp;    0.44892,    0.45602,    0.46847,    0.46285,    0.48157,    0.45803,    0.47965,    0.47011,    0.46421,    0.46205
   inductive;      ac_lgc;    0.28110,    0.29217,    0.33812,    0.32571,    0.28135,    0.29656,    0.30701,    0.32376,    0.30742,    0.37737
   inductive;    ac_lgcrp;    0.47508,    0.49893,    0.51850,    0.50536,    0.50614,    0.49284,    0.48346,    0.51360,    0.50273,    0.53222
   inductive;    ac_sgcrp;    0.46054,    0.49212,    0.51846,    0.49710,    0.49805,    0.49293,    0.51074,    0.50090,    0.50082,    0.51895
   inductive;    ac_gcnrp;    0.47746,    0.49478,    0.49202,    0.50317,    0.50047,    0.48853,    0.52365,    0.50081,    0.51279,    0.50815
coefficients;         lr;   -0.01024,    0.34105,    0.07142,   -0.28339,   -0.43866,   -0.07876,   -0.09487,   -0.12810,   -0.13641,   -0.28629
coefficients;        lgc;   -0.00062,    0.70669,   -0.10981,   -0.54479,   -0.82704,   -0.29564,   -0.25324,   -0.47500,   -0.34354,   -0.50057
coefficients;        sgc;    0.00981,    0.77470,   -0.27092,   -0.39946,   -0.91858,   -0.23208,   -0.32218,   -0.69551,   -0.22891,   -0.41842
