transductive;       ac_lr;    0.32079,    0.32223,    0.32551,    0.30439,    0.31891,    0.31461,    0.31274,    0.31892,    0.28745,    0.30111
transductive;      ac_sgc;    0.29255,    0.30179,    0.29455,    0.28271,    0.29807,    0.28606,    0.28266,    0.31052,    0.28466,    0.24953
transductive;      ac_gcn;    0.47583,    0.49743,    0.46697,    0.49107,    0.48986,    0.46936,    0.46909,    0.47560,    0.49439,    0.47241
transductive;       ac_lp;    0.53532,    0.56004,    0.53945,    0.55254,    0.53800,    0.53460,    0.54241,    0.55708,    0.53636,    0.51787
transductive;      ac_lgc;    0.32414,    0.34004,    0.33684,    0.31019,    0.32824,    0.32752,    0.32788,    0.33007,    0.30938,    0.31467
transductive;    ac_lgcrp;    0.56657,    0.59290,    0.56860,    0.56688,    0.57532,    0.54689,    0.56378,    0.57965,    0.56354,    0.54552
transductive;    ac_sgcrp;    0.57687,    0.59954,    0.58820,    0.58470,    0.59425,    0.57696,    0.56329,    0.61177,    0.57504,    0.54567
transductive;    ac_gcnrp;    0.56527,    0.59688,    0.57681,    0.59442,    0.57752,    0.57652,    0.58042,    0.58988,    0.57141,    0.56307
   inductive;       ac_lr;    0.37030,    0.39128,    0.40681,    0.37934,    0.36121,    0.40487,    0.39223,    0.38613,    0.39642,    0.36338
   inductive;      ac_sgc;    0.34953,    0.36450,    0.37528,    0.34943,    0.34330,    0.34763,    0.31605,    0.37366,    0.36314,    0.32446
   inductive;      ac_gcn;    0.33213,    0.36756,    0.28694,    0.33337,    0.31874,    0.27687,    0.35400,    0.30296,    0.34639,    0.35063
   inductive;       ac_lp;    0.51572,    0.54106,    0.51502,    0.53309,    0.51813,    0.52742,    0.52757,    0.53214,    0.50932,    0.49814
   inductive;      ac_lgc;    0.40222,    0.43130,    0.43239,    0.42080,    0.38873,    0.42353,    0.42841,    0.38091,    0.44625,    0.40261
   inductive;    ac_lgcrp;    0.56569,    0.60084,    0.56425,    0.58351,    0.56781,    0.57048,    0.57714,    0.59056,    0.56222,    0.54767
   inductive;    ac_sgcrp;    0.58856,    0.61058,    0.60488,    0.59518,    0.60508,    0.60466,    0.57014,    0.62406,    0.58631,    0.55517
   inductive;    ac_gcnrp;    0.55750,    0.58805,    0.55757,    0.57471,    0.56023,    0.57483,    0.57806,    0.56835,    0.56225,    0.55045
coefficients;         lr;   -0.01179,   -0.02219,   -0.30597,    0.25871,    0.19070,    0.09689,   -0.07995,    0.10220,   -0.54754,   -0.33361
coefficients;        lgc;   -0.00408,    0.05607,   -0.42429,    0.25589,    0.21795,    0.15919,   -0.14956,    0.06677,   -0.84685,   -0.38769
coefficients;        sgc;    0.00704,    0.08538,   -0.38790,    0.18983,    0.02635,    0.07187,   -0.08825,    0.06588,   -0.76757,   -0.38882
