transductive;       ac_lr;    0.58681,    0.61506,    0.58056,    0.61484,    0.61680,    0.61644,    0.59650,    0.60014,    0.59618,    0.62350
transductive;      ac_sgc;    0.47549,    0.49862,    0.49341,    0.47782,    0.48904,    0.48991,    0.49218,    0.49000,    0.50054,    0.47523
transductive;      ac_gcn;    0.52750,    0.53345,    0.52959,    0.51463,    0.53214,    0.53042,    0.53223,    0.53059,    0.53695,    0.52005
transductive;       ac_lp;    0.40879,    0.41060,    0.37247,    0.40641,    0.37901,    0.41195,    0.39496,    0.36808,    0.38104,    0.37896
transductive;      ac_lgc;    0.61445,    0.64735,    0.61789,    0.63442,    0.63342,    0.64541,    0.63216,    0.62408,    0.61806,    0.64557
transductive;    ac_lgcrp;    0.65001,    0.68255,    0.65762,    0.67108,    0.66878,    0.67829,    0.67444,    0.65922,    0.65474,    0.67422
transductive;    ac_sgcrp;    0.52266,    0.54219,    0.53447,    0.52499,    0.53316,    0.52782,    0.53612,    0.52455,    0.53843,    0.51393
transductive;    ac_gcnrp;    0.54171,    0.54969,    0.54486,    0.53571,    0.54842,    0.54321,    0.54768,    0.53790,    0.55075,    0.52690
   inductive;       ac_lr;    0.56979,    0.63207,    0.58425,    0.61564,    0.62090,    0.60806,    0.59694,    0.59868,    0.58862,    0.60747
   inductive;      ac_sgc;    0.46092,    0.49527,    0.50188,    0.47213,    0.48742,    0.48562,    0.48683,    0.49179,    0.48857,    0.45267
   inductive;      ac_gcn;    0.47520,    0.52544,    0.52721,    0.49352,    0.51972,    0.51961,    0.50920,    0.52650,    0.51602,    0.48227
   inductive;       ac_lp;    0.40973,    0.41903,    0.38152,    0.40476,    0.38327,    0.41752,    0.39633,    0.37938,    0.38588,    0.38431
   inductive;      ac_lgc;    0.58789,    0.63964,    0.60636,    0.60963,    0.61121,    0.62394,    0.62481,    0.60803,    0.59715,    0.60991
   inductive;    ac_lgcrp;    0.63773,    0.68330,    0.65349,    0.64869,    0.65554,    0.66259,    0.67241,    0.65439,    0.63807,    0.65116
   inductive;    ac_sgcrp;    0.54018,    0.55797,    0.55526,    0.53515,    0.54721,    0.53860,    0.54808,    0.54866,    0.54843,    0.52547
   inductive;    ac_gcnrp;    0.52334,    0.55801,    0.55306,    0.53345,    0.55538,    0.54943,    0.54992,    0.55744,    0.54652,    0.53484
coefficients;         lr;   -0.01140,    0.19392,    0.20168,   -0.28183,    0.03117,   -0.06192,   -0.25831,    0.51138,   -0.29414,    0.09985
coefficients;        lgc;   -0.01246,    0.28383,    0.12490,   -0.17235,    0.11113,   -0.09551,   -0.43465,    0.74236,   -0.36507,    0.13849
coefficients;        sgc;   -0.00461,    0.16175,    0.00638,    0.04734,    0.12847,   -0.05661,   -0.51339,    0.76369,   -0.36690,    0.03457
