 0.100;       vi_ll;    0.50420,    0.50228,    0.51028,    0.50828,    0.49941,    0.50770,    0.50177,    0.50769,    0.50537,    0.50637
 0.100;       vi_ff;    0.35887,    0.35678,    0.35592,    0.35661,    0.35702,    0.35711,    0.35676,    0.35711,    0.35754,    0.35650
 0.100;       vi_fl;    0.51614,    0.51435,    0.51998,    0.51875,    0.51334,    0.51816,    0.51395,    0.51905,    0.51632,    0.51719
 0.100;       ac_lr;    0.58547,    0.58551,    0.59246,    0.57891,    0.58423,    0.59235,    0.59176,    0.58692,    0.58284,    0.56687
 0.100;      ac_sgc;    0.57628,    0.60620,    0.60366,    0.60188,    0.60481,    0.60433,    0.60219,    0.59994,    0.59067,    0.59016
 0.100;      ac_gcn;    0.75784,    0.75968,    0.76387,    0.77683,    0.76573,    0.75071,    0.77602,    0.76875,    0.74811,    0.75856
 0.100;       ac_lp;    0.83776,    0.85533,    0.84447,    0.86672,    0.84290,    0.84464,    0.84849,    0.85360,    0.83782,    0.86386
 0.100;      ac_lgc;    0.60844,    0.60719,    0.60943,    0.58988,    0.59893,    0.61331,    0.59877,    0.59064,    0.59591,    0.58638
 0.100;    ac_lgcrp;    0.83915,    0.85059,    0.84432,    0.86815,    0.84500,    0.84461,    0.85118,    0.85351,    0.83957,    0.86389
 0.100;    ac_sgcrp;    0.86322,    0.86750,    0.86718,    0.87335,    0.86214,    0.86297,    0.87075,    0.86190,    0.85435,    0.85820
 0.100;    ac_gcnrp;    0.86216,    0.85763,    0.86178,    0.86887,    0.86292,    0.86676,    0.86002,    0.86309,    0.85103,    0.85966
 0.100;      Kx_sgc;    3.00000,    2.00000,    3.00000,    1.00000,    3.00000,    3.00000,    2.00000,    1.00000,    2.00000,    1.00000
 0.100;      Kx_gcn;    3.00000,    3.00000,    3.00000,    3.00000,    3.00000,    3.00000,    3.00000,    3.00000,    3.00000,    3.00000
 0.100;       αx_lp;    0.99900,    0.99900,    0.99900,    0.99900,    0.99900,    0.99900,    0.99900,    0.99900,    0.99900,    0.99900
 0.100;      αx_lgc;    0.95000,    0.99000,    0.99000,    0.30000,    0.99000,    0.95000,    0.95000,    0.50000,    0.95000,    0.60000
 0.100;    αx_lgcrp;    0.99900,    0.99000,    0.99900,    0.99900,    0.99900,    0.99000,    0.99900,    0.99000,    0.99900,    0.99900
 0.100;    αx_sgcrp;    0.99900,    0.99900,    0.99900,    0.99900,    0.99900,    0.99900,    0.99900,    0.99900,    0.99900,    0.99900
 0.100;    αx_gcnrp;    0.99900,    0.99900,    0.99900,    0.99900,    0.99900,    0.99900,    0.99900,    0.99900,    0.99900,    0.99900
 0.200;       vi_ll;    0.56700,    0.56528,    0.56539,    0.56365,    0.56693,    0.56645,    0.56435,    0.56718,    0.56816,    0.56620
 0.200;       vi_ff;    0.36048,    0.35656,    0.35727,    0.35636,    0.35773,    0.35765,    0.35776,    0.35811,    0.35766,    0.35867
 0.200;       vi_fl;    0.57132,    0.56905,    0.56924,    0.56747,    0.57087,    0.57014,    0.56856,    0.57081,    0.57180,    0.57015
 0.200;       ac_lr;    0.57462,    0.58907,    0.59012,    0.58910,    0.59247,    0.59551,    0.58267,    0.58529,    0.58352,    0.59414
 0.200;      ac_sgc;    0.59326,    0.59488,    0.59511,    0.60710,    0.60815,    0.61168,    0.60191,    0.60471,    0.59532,    0.60653
 0.200;      ac_gcn;    0.77952,    0.77221,    0.77847,    0.77252,    0.77458,    0.77534,    0.77554,    0.78469,    0.77271,    0.77857
 0.200;       ac_lp;    0.86952,    0.87598,    0.86756,    0.89026,    0.86811,    0.87401,    0.86671,    0.87338,    0.86991,    0.87823
 0.200;      ac_lgc;    0.60006,    0.59916,    0.60008,    0.60916,    0.60378,    0.61125,    0.60487,    0.61358,    0.60568,    0.61338
 0.200;    ac_lgcrp;    0.86958,    0.87587,    0.86711,    0.89100,    0.86907,    0.87419,    0.86806,    0.87451,    0.87082,    0.88008
 0.200;    ac_sgcrp;    0.88027,    0.88099,    0.88683,    0.89719,    0.88335,    0.89320,    0.88744,    0.89065,    0.88624,    0.88955
 0.200;    ac_gcnrp;    0.88087,    0.88495,    0.88586,    0.88684,    0.87978,    0.89188,    0.87939,    0.88330,    0.88637,    0.88464
 0.200;      Kx_sgc;    3.00000,    3.00000,    3.00000,    2.00000,    2.00000,    2.00000,    2.00000,    2.00000,    3.00000,    2.00000
 0.200;      Kx_gcn;    3.00000,    3.00000,    3.00000,    3.00000,    3.00000,    3.00000,    3.00000,    3.00000,    3.00000,    3.00000
 0.200;       αx_lp;    0.99900,    0.99900,    0.99900,    0.99900,    0.99900,    0.99900,    0.99900,    0.99900,    0.99900,    0.99900
 0.200;      αx_lgc;    0.99000,    0.95000,    0.99000,    0.80000,    0.99000,    0.99000,    0.85000,    0.99000,    0.95000,    0.95000
 0.200;    αx_lgcrp;    0.99900,    0.99000,    0.99900,    0.99900,    0.99000,    0.99900,    0.99900,    0.99900,    0.99000,    0.99000
 0.200;    αx_sgcrp;    0.99900,    0.99900,    0.99900,    0.99900,    0.99900,    0.99900,    0.99900,    0.99900,    0.99900,    0.99900
 0.200;    αx_gcnrp;    0.99900,    0.99900,    0.99900,    0.99900,    0.99900,    0.99900,    0.99900,    0.99900,    0.99900,    0.99900
 0.300;       vi_ll;    0.59666,    0.59447,    0.59748,    0.59656,    0.59627,    0.59833,    0.59711,    0.59581,    0.60006,    0.59728
 0.300;       vi_ff;    0.35923,    0.35435,    0.35737,    0.35768,    0.35507,    0.35871,    0.35883,    0.35663,    0.35874,    0.35695
 0.300;       vi_fl;    0.59890,    0.59645,    0.59948,    0.59860,    0.59825,    0.60029,    0.59924,    0.59775,    0.60199,    0.59923
 0.300;       ac_lr;    0.58338,    0.57176,    0.59734,    0.58887,    0.59808,    0.59358,    0.60002,    0.58810,    0.58475,    0.60164
 0.300;      ac_sgc;    0.59827,    0.59289,    0.61484,    0.60358,    0.61634,    0.61171,    0.61669,    0.59961,    0.59886,    0.61473
 0.300;      ac_gcn;    0.79245,    0.76628,    0.80103,    0.79165,    0.79700,    0.77938,    0.79528,    0.78626,    0.77913,    0.79753
 0.300;       ac_lp;    0.88052,    0.88337,    0.90752,    0.89373,    0.88523,    0.89317,    0.87304,    0.89456,    0.88345,    0.89903
 0.300;      ac_lgc;    0.59917,    0.60060,    0.62302,    0.61245,    0.61661,    0.61507,    0.62086,    0.61110,    0.60535,    0.62464
 0.300;    ac_lgcrp;    0.88082,    0.88312,    0.90822,    0.89465,    0.88584,    0.89385,    0.87373,    0.89474,    0.88366,    0.89938
 0.300;    ac_sgcrp;    0.89853,    0.89425,    0.91918,    0.90406,    0.90073,    0.90833,    0.89361,    0.90567,    0.89850,    0.90821
 0.300;    ac_gcnrp;    0.89744,    0.89541,    0.91529,    0.90069,    0.89348,    0.91031,    0.89382,    0.89979,    0.89681,    0.90853
 0.300;      Kx_sgc;    3.00000,    2.00000,    3.00000,    2.00000,    2.00000,    2.00000,    3.00000,    2.00000,    2.00000,    3.00000
 0.300;      Kx_gcn;    3.00000,    3.00000,    3.00000,    3.00000,    3.00000,    3.00000,    3.00000,    3.00000,    3.00000,    3.00000
 0.300;       αx_lp;    0.99900,    0.99900,    0.99900,    0.99900,    0.99900,    0.99900,    0.99900,    0.99900,    0.99900,    0.99900
 0.300;      αx_lgc;    0.99000,    0.95000,    0.99000,    0.99000,    0.99000,    0.99000,    0.90000,    0.95000,    0.99000,    0.90000
 0.300;    αx_lgcrp;    0.99000,    0.99000,    0.99000,    0.99000,    0.99900,    0.99000,    0.99900,    0.99000,    0.99000,    0.99900
 0.300;    αx_sgcrp;    0.99900,    0.99900,    0.99900,    0.99900,    0.99900,    0.99900,    0.99900,    0.99900,    0.99900,    0.99900
 0.300;    αx_gcnrp;    0.99900,    0.99900,    0.99900,    0.99900,    0.99900,    0.99900,    0.99900,    0.99900,    0.99900,    0.99900
 0.400;       vi_ll;    0.61753,    0.61478,    0.61986,    0.61960,    0.61646,    0.62196,    0.61799,    0.61468,    0.61929,    0.61660
 0.400;       vi_ff;    0.35818,    0.35504,    0.35768,    0.35892,    0.35416,    0.36139,    0.35875,    0.35658,    0.35727,    0.35461
 0.400;       vi_fl;    0.61889,    0.61612,    0.62109,    0.62089,    0.61769,    0.62321,    0.61936,    0.61600,    0.62051,    0.61782
 0.400;       ac_lr;    0.57606,    0.57332,    0.59957,    0.59427,    0.61063,    0.58680,    0.60550,    0.59132,    0.57575,    0.60921
 0.400;      ac_sgc;    0.57604,    0.59358,    0.61267,    0.60984,    0.62107,    0.60947,    0.61863,    0.60695,    0.60257,    0.62752
 0.400;      ac_gcn;    0.79023,    0.78235,    0.81033,    0.79942,    0.81392,    0.79336,    0.80061,    0.78890,    0.79393,    0.81087
 0.400;       ac_lp;    0.88239,    0.89259,    0.91824,    0.90633,    0.90317,    0.90406,    0.90466,    0.90118,    0.90012,    0.90927
 0.400;      ac_lgc;    0.59158,    0.60152,    0.61976,    0.61961,    0.62287,    0.61300,    0.62788,    0.61538,    0.59609,    0.63151
 0.400;    ac_lgcrp;    0.88207,    0.89329,    0.91838,    0.90606,    0.90431,    0.90422,    0.90545,    0.90138,    0.90126,    0.90970
 0.400;    ac_sgcrp;    0.89724,    0.90010,    0.92799,    0.91411,    0.91537,    0.91418,    0.91589,    0.90964,    0.91377,    0.91777
 0.400;    ac_gcnrp;    0.89763,    0.90070,    0.92645,    0.91301,    0.91350,    0.91592,    0.91321,    0.90580,    0.91491,    0.91725
 0.400;      Kx_sgc;    3.00000,    2.00000,    2.00000,    2.00000,    3.00000,    3.00000,    3.00000,    3.00000,    3.00000,    2.00000
 0.400;      Kx_gcn;    3.00000,    3.00000,    3.00000,    3.00000,    3.00000,    3.00000,    3.00000,    3.00000,    3.00000,    3.00000
 0.400;       αx_lp;    0.99900,    0.99900,    0.99900,    0.99900,    0.99900,    0.99900,    0.99900,    0.99900,    0.99900,    0.99900
 0.400;      αx_lgc;    0.99000,    0.95000,    0.99000,    0.95000,    0.99000,    0.99000,    0.95000,    0.95000,    0.99000,    0.80000
 0.400;    αx_lgcrp;    0.99000,    0.99000,    0.99000,    0.99000,    0.99000,    0.99000,    0.99000,    0.99000,    0.99000,    0.99000
 0.400;    αx_sgcrp;    0.99900,    0.99900,    0.99900,    0.99900,    0.99900,    0.99900,    0.99900,    0.99900,    0.99900,    0.99900
 0.400;    αx_gcnrp;    0.99900,    0.99900,    0.99900,    0.99900,    0.99900,    0.99900,    0.99900,    0.99900,    0.99900,    0.99900
 0.500;       vi_ll;    0.63464,    0.63099,    0.63495,    0.63399,    0.63059,    0.63573,    0.63436,    0.63009,    0.63446,    0.62965
 0.500;       vi_ff;    0.35896,    0.35445,    0.35842,    0.35746,    0.35433,    0.36143,    0.35915,    0.35603,    0.35864,    0.35295
 0.500;       vi_fl;    0.63553,    0.63187,    0.63582,    0.63488,    0.63149,    0.63663,    0.63531,    0.63103,    0.63536,    0.63053
 0.500;       ac_lr;    0.56066,    0.58163,    0.60311,    0.58398,    0.62976,    0.59280,    0.60919,    0.58721,    0.59004,    0.61371
 0.500;      ac_sgc;    0.59919,    0.60315,    0.61444,    0.60160,    0.64196,    0.59593,    0.62496,    0.60086,    0.59134,    0.63251
 0.500;      ac_gcn;    0.79928,    0.79490,    0.81057,    0.79922,    0.82345,    0.79377,    0.81063,    0.78624,    0.80868,    0.81477
 0.500;       ac_lp;    0.89060,    0.90475,    0.92197,    0.90961,    0.91554,    0.90137,    0.91288,    0.90398,    0.90524,    0.91207
 0.500;      ac_lgc;    0.58692,    0.61151,    0.62202,    0.61237,    0.64481,    0.60993,    0.63266,    0.60751,    0.61677,    0.63496
 0.500;    ac_lgcrp;    0.89079,    0.90500,    0.92242,    0.90944,    0.91581,    0.90168,    0.91309,    0.90406,    0.90711,    0.91286
 0.500;    ac_sgcrp;    0.90319,    0.91351,    0.93130,    0.91688,    0.92692,    0.91298,    0.92136,    0.91212,    0.91818,    0.92345
 0.500;    ac_gcnrp;    0.90274,    0.91126,    0.92965,    0.91698,    0.92530,    0.91275,    0.92269,    0.91086,    0.91700,    0.92310
 0.500;      Kx_sgc;    3.00000,    2.00000,    2.00000,    2.00000,    2.00000,    3.00000,    3.00000,    3.00000,    3.00000,    2.00000
 0.500;      Kx_gcn;    3.00000,    3.00000,    3.00000,    3.00000,    3.00000,    3.00000,    3.00000,    3.00000,    3.00000,    3.00000
 0.500;       αx_lp;    0.99900,    0.99900,    0.99900,    0.99900,    0.99900,    0.99900,    0.99900,    0.99900,    0.99900,    0.99900
 0.500;      αx_lgc;    0.99000,    0.95000,    0.95000,    0.95000,    0.99000,    0.99000,    0.95000,    0.99000,    0.95000,    0.85000
 0.500;    αx_lgcrp;    0.99000,    0.99900,    0.99000,    0.99000,    0.99900,    0.99000,    0.99000,    0.99000,    0.99000,    0.99000
 0.500;    αx_sgcrp;    0.99900,    0.99900,    0.99900,    0.99900,    0.99900,    0.99900,    0.99900,    0.99900,    0.99900,    0.99900
 0.500;    αx_gcnrp;    0.99900,    0.99900,    0.99900,    0.99900,    0.99900,    0.99900,    0.99900,    0.99900,    0.99900,    0.99900
 0.600;       vi_ll;    0.64524,    0.64022,    0.64589,    0.64507,    0.64274,    0.64804,    0.64611,    0.64248,    0.64831,    0.64142
 0.600;       vi_ff;    0.35860,    0.35265,    0.35718,    0.35778,    0.35471,    0.36083,    0.35708,    0.35659,    0.36062,    0.35480
 0.600;       vi_fl;    0.64592,    0.64091,    0.64655,    0.64575,    0.64341,    0.64873,    0.64680,    0.64319,    0.64898,    0.64211
 0.600;       ac_lr;    0.59453,    0.58275,    0.60427,    0.58427,    0.62537,    0.57885,    0.61847,    0.58011,    0.59458,    0.61357
 0.600;      ac_sgc;    0.60058,    0.60580,    0.61542,    0.60132,    0.63529,    0.59943,    0.62836,    0.59448,    0.61319,    0.63068
 0.600;      ac_gcn;    0.80749,    0.80338,    0.81029,    0.79911,    0.82202,    0.78958,    0.81519,    0.78630,    0.81551,    0.82234
 0.600;       ac_lp;    0.90965,    0.91296,    0.92056,    0.91421,    0.91819,    0.90077,    0.91075,    0.89750,    0.91340,    0.91590
 0.600;      ac_lgc;    0.60323,    0.60662,    0.61816,    0.61435,    0.63974,    0.58744,    0.64127,    0.59944,    0.61975,    0.63950
 0.600;    ac_lgcrp;    0.91022,    0.91355,    0.92136,    0.91437,    0.91830,    0.90099,    0.91129,    0.89802,    0.91428,    0.91657
 0.600;    ac_sgcrp;    0.92118,    0.92117,    0.93093,    0.92350,    0.92886,    0.91069,    0.91868,    0.90836,    0.92371,    0.92629
 0.600;    ac_gcnrp;    0.92178,    0.91772,    0.93085,    0.92383,    0.92932,    0.91041,    0.92282,    0.90786,    0.92411,    0.92534
 0.600;      Kx_sgc;    3.00000,    3.00000,    3.00000,    2.00000,    3.00000,    3.00000,    3.00000,    2.00000,    3.00000,    2.00000
 0.600;      Kx_gcn;    3.00000,    3.00000,    3.00000,    3.00000,    3.00000,    3.00000,    3.00000,    3.00000,    3.00000,    3.00000
 0.600;       αx_lp;    0.99900,    0.99900,    0.99900,    0.99900,    0.99900,    0.99900,    0.99900,    0.99900,    0.99900,    0.99900
 0.600;      αx_lgc;    0.99000,    0.99000,    0.99000,    0.95000,    0.95000,    0.99000,    0.95000,    0.99000,    0.99000,    0.95000
 0.600;    αx_lgcrp;    0.99000,    0.99000,    0.99000,    0.99900,    0.99900,    0.99000,    0.99000,    0.99000,    0.99000,    0.99000
 0.600;    αx_sgcrp;    0.99900,    0.99900,    0.99900,    0.99900,    0.99900,    0.99900,    0.99900,    0.99900,    0.99900,    0.99900
 0.600;    αx_gcnrp;    0.99900,    0.99900,    0.99900,    0.99900,    0.99900,    0.99900,    0.99900,    0.99900,    0.99900,    0.99900
