 0.100;       vi_ll;    0.14650,    0.14699,    0.14513,    0.14716,    0.14272,    0.14802,    0.14805,    0.14565,    0.14306,    0.14767
 0.100;       vi_ff;    0.25329,    0.25381,    0.25350,    0.25382,    0.25389,    0.25351,    0.25296,    0.25350,    0.25364,    0.25271
 0.100;       vi_fl;    0.26996,    0.27038,    0.26994,    0.27043,    0.27036,    0.27041,    0.26986,    0.27005,    0.27013,    0.26972
 0.100;       ac_lr;    0.30190,    0.33977,    0.33389,    0.32368,    0.33214,    0.29107,    0.33990,    0.30213,    0.30867,    0.32245
 0.100;      ac_sgc;    0.28667,    0.31073,    0.30658,    0.30365,    0.31445,    0.31314,    0.32138,    0.32424,    0.26482,    0.31025
 0.100;      ac_gcn;    0.38521,    0.37728,    0.39510,    0.42883,    0.40398,    0.40822,    0.41538,    0.37754,    0.37625,    0.42116
 0.100;       ac_lp;    0.34593,    0.32396,    0.36125,    0.34940,    0.35048,    0.36985,    0.35189,    0.34497,    0.32400,    0.36015
 0.100;      ac_lgc;    0.35409,    0.37806,    0.37976,    0.37827,    0.36704,    0.37987,    0.38055,    0.37262,    0.32960,    0.36955
 0.100;    ac_lgcrp;    0.42313,    0.41616,    0.45323,    0.44131,    0.43089,    0.45719,    0.43361,    0.44072,    0.39501,    0.44319
 0.100;    ac_sgcrp;    0.43100,    0.42294,    0.47736,    0.47343,    0.45050,    0.45817,    0.46616,    0.45971,    0.43235,    0.47837
 0.100;    ac_gcnrp;    0.44787,    0.43102,    0.46953,    0.49099,    0.45648,    0.46791,    0.46627,    0.42362,    0.43675,    0.47564
 0.100;      Kx_sgc;    2.00000,    1.00000,    1.00000,    2.00000,    1.00000,    2.00000,    1.00000,    1.00000,    2.00000,    1.00000
 0.100;      Kx_gcn;    2.00000,    2.00000,    1.00000,    2.00000,    3.00000,    2.00000,    2.00000,    3.00000,    2.00000,    2.00000
 0.100;       αx_lp;    0.99900,    0.99900,    0.99900,    0.99900,    0.99900,    0.99900,    0.99900,    0.99900,    0.99900,    0.99900
 0.100;      αx_lgc;    0.70000,    0.70000,    0.60000,    0.40000,    0.60000,    0.60000,    0.60000,    0.70000,    0.70000,    0.50000
 0.100;    αx_lgcrp;    0.90000,    0.90000,    0.90000,    0.95000,    0.70000,    0.85000,    0.80000,    0.80000,    0.90000,    0.80000
 0.100;    αx_sgcrp;    0.99900,    0.99900,    0.99900,    0.99900,    0.99000,    0.99900,    0.99900,    0.99000,    0.99900,    0.99900
 0.100;    αx_gcnrp;    0.99900,    0.99900,    0.99000,    0.99900,    0.99000,    0.99900,    0.99000,    0.90000,    0.99000,    0.99900
 0.200;       vi_ll;    0.18772,    0.18593,    0.18703,    0.18522,    0.18760,    0.18785,    0.18724,    0.18660,    0.18526,    0.18671
 0.200;       vi_ff;    0.25388,    0.25246,    0.25330,    0.25410,    0.25446,    0.25294,    0.25252,    0.25418,    0.25322,    0.25394
 0.200;       vi_fl;    0.28254,    0.28115,    0.28206,    0.28201,    0.28316,    0.28198,    0.28151,    0.28283,    0.28148,    0.28256
 0.200;       ac_lr;    0.30432,    0.33086,    0.34637,    0.34774,    0.33931,    0.35481,    0.34048,    0.32841,    0.33253,    0.34033
 0.200;      ac_sgc;    0.27104,    0.31849,    0.33286,    0.33905,    0.31774,    0.33958,    0.33438,    0.33517,    0.26264,    0.33360
 0.200;      ac_gcn;    0.42177,    0.39983,    0.44706,    0.44169,    0.43314,    0.43871,    0.42655,    0.43941,    0.41306,    0.45881
 0.200;       ac_lp;    0.40337,    0.41938,    0.44135,    0.43356,    0.44153,    0.43952,    0.43264,    0.42924,    0.40474,    0.41623
 0.200;      ac_lgc;    0.34266,    0.37286,    0.38366,    0.39000,    0.38944,    0.40131,    0.38526,    0.37297,    0.36963,    0.40480
 0.200;    ac_lgcrp;    0.47545,    0.48871,    0.51529,    0.50795,    0.51033,    0.52342,    0.50225,    0.51068,    0.47485,    0.51510
 0.200;    ac_sgcrp;    0.47825,    0.48724,    0.52329,    0.52188,    0.50238,    0.51960,    0.51248,    0.51457,    0.47485,    0.51255
 0.200;    ac_gcnrp;    0.47256,    0.49445,    0.49840,    0.53247,    0.50111,    0.51555,    0.51099,    0.49982,    0.49189,    0.51328
 0.200;      Kx_sgc;    2.00000,    1.00000,    1.00000,    1.00000,    1.00000,    1.00000,    1.00000,    1.00000,    2.00000,    2.00000
 0.200;      Kx_gcn;    3.00000,    2.00000,    3.00000,    2.00000,    2.00000,    2.00000,    2.00000,    3.00000,    2.00000,    2.00000
 0.200;       αx_lp;    0.99900,    0.99900,    0.99900,    0.99900,    0.99900,    0.99900,    0.99900,    0.99900,    0.99900,    0.99900
 0.200;      αx_lgc;    0.70000,    0.60000,    0.60000,    0.60000,    0.60000,    0.60000,    0.60000,    0.60000,    0.60000,    0.60000
 0.200;    αx_lgcrp;    0.90000,    0.90000,    0.85000,    0.95000,    0.90000,    0.85000,    0.85000,    0.85000,    0.90000,    0.85000
 0.200;    αx_sgcrp;    0.99900,    0.99900,    0.99900,    0.99900,    0.99900,    0.99900,    0.99000,    0.99900,    0.99900,    0.99900
 0.200;    αx_gcnrp;    0.99900,    0.99900,    0.99000,    0.99900,    0.99900,    0.99900,    0.95000,    0.99900,    0.99900,    0.99900
 0.300;       vi_ll;    0.21034,    0.20956,    0.20990,    0.21004,    0.20912,    0.21029,    0.20920,    0.21021,    0.20888,    0.21117
 0.300;       vi_ff;    0.25387,    0.25312,    0.25415,    0.25484,    0.25345,    0.25345,    0.25188,    0.25356,    0.25307,    0.25414
 0.300;       vi_fl;    0.29186,    0.29131,    0.29199,    0.29250,    0.29119,    0.29172,    0.29034,    0.29172,    0.29086,    0.29244
 0.300;       ac_lr;    0.31413,    0.33299,    0.31886,    0.33578,    0.35135,    0.34455,    0.34053,    0.34082,    0.34718,    0.35800
 0.300;      ac_sgc;    0.30254,    0.32477,    0.31878,    0.32496,    0.32331,    0.33061,    0.33644,    0.32203,    0.32972,    0.32999
 0.300;      ac_gcn;    0.41985,    0.43509,    0.45574,    0.44706,    0.45171,    0.43725,    0.46458,    0.44536,    0.45355,    0.46927
 0.300;       ac_lp;    0.44854,    0.45625,    0.46843,    0.46211,    0.48229,    0.45762,    0.48006,    0.47003,    0.46421,    0.46149
 0.300;      ac_lgc;    0.36284,    0.38510,    0.36912,    0.38356,    0.39504,    0.38523,    0.38259,    0.38560,    0.38936,    0.40763
 0.300;    ac_lgcrp;    0.51692,    0.53134,    0.54080,    0.53359,    0.54993,    0.53115,    0.53282,    0.54541,    0.54410,    0.54924
 0.300;    ac_sgcrp;    0.49540,    0.51568,    0.52791,    0.52023,    0.52870,    0.52573,    0.54013,    0.51862,    0.53420,    0.53819
 0.300;    ac_gcnrp;    0.48945,    0.53071,    0.54162,    0.53621,    0.52781,    0.52459,    0.54943,    0.53334,    0.54244,    0.52461
 0.300;      Kx_sgc;    1.00000,    1.00000,    1.00000,    1.00000,    1.00000,    1.00000,    1.00000,    1.00000,    1.00000,    2.00000
 0.300;      Kx_gcn;    3.00000,    2.00000,    2.00000,    2.00000,    2.00000,    2.00000,    2.00000,    2.00000,    2.00000,    3.00000
 0.300;       αx_lp;    0.99900,    0.99900,    0.99900,    0.99900,    0.99900,    0.99900,    0.99900,    0.99900,    0.99900,    0.99900
 0.300;      αx_lgc;    0.60000,    0.60000,    0.60000,    0.60000,    0.50000,    0.60000,    0.60000,    0.60000,    0.60000,    0.60000
 0.300;    αx_lgcrp;    0.85000,    0.90000,    0.85000,    0.90000,    0.80000,    0.85000,    0.85000,    0.85000,    0.85000,    0.90000
 0.300;    αx_sgcrp;    0.99900,    0.99900,    0.99900,    0.99900,    0.99900,    0.99900,    0.99900,    0.99900,    0.99900,    0.99900
 0.300;    αx_gcnrp;    0.99900,    0.99900,    0.99000,    0.99900,    0.99900,    0.99900,    0.99900,    0.99900,    0.99900,    0.99900
 0.400;       vi_ll;    0.22625,    0.22466,    0.22705,    0.22507,    0.22440,    0.22657,    0.22195,    0.22517,    0.22468,    0.22600
 0.400;       vi_ff;    0.25458,    0.25225,    0.25534,    0.25385,    0.25282,    0.25412,    0.25015,    0.25273,    0.25351,    0.25370
 0.400;       vi_fl;    0.30008,    0.29823,    0.30094,    0.29926,    0.29823,    0.30002,    0.29600,    0.29868,    0.29883,    0.29953
 0.400;       ac_lr;    0.31942,    0.33491,    0.36385,    0.34101,    0.35256,    0.35911,    0.33301,    0.33426,    0.33867,    0.35584
 0.400;      ac_sgc;    0.31149,    0.31058,    0.35480,    0.33156,    0.32646,    0.33765,    0.31958,    0.33139,    0.31238,    0.32487
 0.400;      ac_gcn;    0.43683,    0.44728,    0.48025,    0.44858,    0.46288,    0.45145,    0.46330,    0.46942,    0.44237,    0.47553
 0.400;       ac_lp;    0.46128,    0.47493,    0.53516,    0.47555,    0.49327,    0.46431,    0.49537,    0.48993,    0.48996,    0.49604
 0.400;      ac_lgc;    0.35333,    0.37864,    0.42503,    0.38282,    0.39533,    0.39828,    0.37996,    0.38494,    0.37147,    0.40597
 0.400;    ac_lgcrp;    0.52945,    0.54111,    0.61184,    0.54707,    0.57666,    0.54329,    0.54976,    0.56438,    0.55212,    0.57383
 0.400;    ac_sgcrp;    0.49892,    0.52412,    0.57387,    0.53096,    0.53299,    0.52272,    0.53584,    0.53315,    0.53218,    0.54362
 0.400;    ac_gcnrp;    0.51306,    0.54025,    0.57092,    0.54230,    0.54247,    0.52390,    0.55077,    0.53389,    0.54781,    0.55691
 0.400;      Kx_sgc;    1.00000,    1.00000,    1.00000,    1.00000,    1.00000,    1.00000,    1.00000,    1.00000,    1.00000,    2.00000
 0.400;      Kx_gcn;    2.00000,    2.00000,    3.00000,    2.00000,    2.00000,    2.00000,    2.00000,    3.00000,    2.00000,    2.00000
 0.400;       αx_lp;    0.99900,    0.99900,    0.99900,    0.99900,    0.99900,    0.99900,    0.99900,    0.99900,    0.99900,    0.99900
 0.400;      αx_lgc;    0.60000,    0.60000,    0.60000,    0.60000,    0.60000,    0.60000,    0.60000,    0.60000,    0.60000,    0.60000
 0.400;    αx_lgcrp;    0.85000,    0.85000,    0.85000,    0.90000,    0.85000,    0.85000,    0.85000,    0.85000,    0.85000,    0.85000
 0.400;    αx_sgcrp;    0.99900,    0.99900,    0.99900,    0.99900,    0.99900,    0.99900,    0.99900,    0.99900,    0.99900,    0.99900
 0.400;    αx_gcnrp;    0.99000,    0.99900,    0.99000,    0.99900,    0.99900,    0.99000,    0.99900,    0.99900,    0.99900,    0.99900
 0.500;       vi_ll;    0.23851,    0.23501,    0.23905,    0.23550,    0.23390,    0.23755,    0.23308,    0.23706,    0.23486,    0.23855
 0.500;       vi_ff;    0.25519,    0.25101,    0.25523,    0.25301,    0.25100,    0.25391,    0.24940,    0.25308,    0.25216,    0.25490
 0.500;       vi_fl;    0.30714,    0.30340,    0.30741,    0.30469,    0.30278,    0.30600,    0.30180,    0.30540,    0.30383,    0.30699
 0.500;       ac_lr;    0.32061,    0.33580,    0.35588,    0.34292,    0.35259,    0.33799,    0.33627,    0.34455,    0.35071,    0.36613
 0.500;      ac_sgc;    0.30244,    0.32001,    0.35399,    0.33218,    0.32661,    0.31613,    0.32371,    0.33532,    0.33906,    0.31948
 0.500;      ac_gcn;    0.42587,    0.44974,    0.51033,    0.44448,    0.46130,    0.44703,    0.46251,    0.47185,    0.46307,    0.48308
 0.500;       ac_lp;    0.47198,    0.49984,    0.57164,    0.49521,    0.50689,    0.47872,    0.50884,    0.52044,    0.51201,    0.51430
 0.500;      ac_lgc;    0.35548,    0.38257,    0.41721,    0.38649,    0.39066,    0.38046,    0.38033,    0.39506,    0.39148,    0.40842
 0.500;    ac_lgcrp;    0.54631,    0.56016,    0.63886,    0.56387,    0.58117,    0.55195,    0.56448,    0.58556,    0.58124,    0.58794
 0.500;    ac_sgcrp;    0.49906,    0.54494,    0.59660,    0.53742,    0.54271,    0.52015,    0.54677,    0.55281,    0.55717,    0.55770
 0.500;    ac_gcnrp;    0.52502,    0.55993,    0.60376,    0.54445,    0.55535,    0.51727,    0.55871,    0.57162,    0.56872,    0.55565
 0.500;      Kx_sgc;    1.00000,    1.00000,    1.00000,    1.00000,    1.00000,    1.00000,    1.00000,    1.00000,    1.00000,    2.00000
 0.500;      Kx_gcn;    2.00000,    2.00000,    3.00000,    2.00000,    2.00000,    3.00000,    2.00000,    2.00000,    2.00000,    3.00000
 0.500;       αx_lp;    0.99900,    0.99900,    0.99900,    0.99900,    0.99900,    0.99900,    0.99900,    0.99900,    0.99900,    0.99900
 0.500;      αx_lgc;    0.60000,    0.60000,    0.60000,    0.60000,    0.60000,    0.60000,    0.60000,    0.60000,    0.60000,    0.60000
 0.500;    αx_lgcrp;    0.85000,    0.85000,    0.85000,    0.85000,    0.85000,    0.85000,    0.85000,    0.85000,    0.85000,    0.85000
 0.500;    αx_sgcrp;    0.99900,    0.99900,    0.99900,    0.99900,    0.99900,    0.99900,    0.99900,    0.99900,    0.99900,    0.99900
 0.500;    αx_gcnrp;    0.99900,    0.99900,    0.99900,    0.99900,    0.99900,    0.99900,    0.99900,    0.99900,    0.99900,    0.99900
 0.600;       vi_ll;    0.24700,    0.24333,    0.24683,    0.24566,    0.24320,    0.24582,    0.24078,    0.24654,    0.24451,    0.24840
 0.600;       vi_ff;    0.25438,    0.25082,    0.25386,    0.25387,    0.25116,    0.25364,    0.24784,    0.25373,    0.25257,    0.25572
 0.600;       vi_fl;    0.31193,    0.30843,    0.31153,    0.31103,    0.30832,    0.31086,    0.30582,    0.31125,    0.30974,    0.31311
 0.600;       ac_lr;    0.32252,    0.33166,    0.35789,    0.33301,    0.36191,    0.33869,    0.33483,    0.35167,    0.35043,    0.35509
 0.600;      ac_sgc;    0.30668,    0.31193,    0.35697,    0.31334,    0.33664,    0.31805,    0.32329,    0.34813,    0.35371,    0.30820
 0.600;      ac_gcn;    0.44774,    0.44573,    0.52486,    0.42067,    0.47771,    0.45381,    0.47094,    0.49090,    0.48595,    0.45309
 0.600;       ac_lp;    0.49422,    0.50715,    0.58465,    0.48949,    0.52760,    0.48630,    0.51943,    0.53899,    0.55856,    0.49763
 0.600;      ac_lgc;    0.35568,    0.37060,    0.41844,    0.37071,    0.39795,    0.37884,    0.37820,    0.40551,    0.40301,    0.40038
 0.600;    ac_lgcrp;    0.55723,    0.56556,    0.64812,    0.55433,    0.59268,    0.55239,    0.57340,    0.60880,    0.62344,    0.57846
 0.600;    ac_sgcrp;    0.51922,    0.54622,    0.60841,    0.52111,    0.56068,    0.52945,    0.54922,    0.56658,    0.58195,    0.53544
 0.600;    ac_gcnrp;    0.54379,    0.55018,    0.61221,    0.53080,    0.57246,    0.53765,    0.56470,    0.57273,    0.59890,    0.54938
 0.600;      Kx_sgc;    1.00000,    1.00000,    1.00000,    1.00000,    1.00000,    1.00000,    1.00000,    1.00000,    1.00000,    1.00000
 0.600;      Kx_gcn;    2.00000,    3.00000,    3.00000,    2.00000,    2.00000,    2.00000,    2.00000,    3.00000,    2.00000,    2.00000
 0.600;       αx_lp;    0.99900,    0.99900,    0.99900,    0.99900,    0.99900,    0.99900,    0.99900,    0.99900,    0.99900,    0.99900
 0.600;      αx_lgc;    0.60000,    0.60000,    0.60000,    0.60000,    0.60000,    0.60000,    0.60000,    0.60000,    0.60000,    0.60000
 0.600;    αx_lgcrp;    0.85000,    0.80000,    0.85000,    0.85000,    0.85000,    0.85000,    0.85000,    0.85000,    0.85000,    0.85000
 0.600;    αx_sgcrp;    0.99900,    0.99900,    0.99900,    0.99900,    0.99900,    0.99900,    0.99900,    0.99900,    0.99900,    0.99900
 0.600;    αx_gcnrp;    0.99900,    0.99900,    0.99900,    0.99900,    0.99900,    0.99900,    0.99900,    0.99900,    0.99900,    0.99900
