 0.100;       vi_ll;    0.34221,    0.34319,    0.33859,    0.34720,    0.34425,    0.33337,    0.33324,    0.34334,    0.33456,    0.33485
 0.100;       vi_ff;    0.79871,    0.79816,    0.79852,    0.79748,    0.79868,    0.79841,    0.79836,    0.79887,    0.79928,    0.79793
 0.100;       vi_fl;    0.79975,    0.79916,    0.79954,    0.79858,    0.79969,    0.79946,    0.79932,    0.79986,    0.80031,    0.79897
 0.100;       ac_lr;    0.79644,    0.81374,    0.78535,    0.81586,    0.61627,    0.80139,    0.78943,    0.78865,    0.73939,    0.78577
 0.100;      ac_sgc;    0.67653,    0.73626,    0.71944,    0.70843,    0.71854,    0.70572,    0.72133,    0.71715,    0.73615,    0.69258
 0.100;      ac_gcn;    0.73457,    0.77791,    0.72242,    0.76442,    0.75507,    0.74903,    0.77764,    0.69686,    0.74093,    0.70608
 0.100;       ac_lp;    0.47449,    0.50474,    0.52024,    0.47306,    0.53189,    0.46226,    0.54499,    0.50946,    0.37589,    0.50866
 0.100;      ac_lgc;    0.80554,    0.83336,    0.79915,    0.83678,    0.71282,    0.81854,    0.81044,    0.82067,    0.80597,    0.79635
 0.100;    ac_lgcrp;    0.80968,    0.84109,    0.80824,    0.84383,    0.74727,    0.82277,    0.81703,    0.82485,    0.80921,    0.80567
 0.100;    ac_sgcrp;    0.71832,    0.75895,    0.75027,    0.71532,    0.75462,    0.75302,    0.75968,    0.72006,    0.73575,    0.69344
 0.100;    ac_gcnrp;    0.74432,    0.77791,    0.74067,    0.76442,    0.75946,    0.75315,    0.77865,    0.69686,    0.73441,    0.70821
 0.100;      Kx_sgc;    1.00000,    1.00000,    1.00000,    2.00000,    2.00000,    1.00000,    2.00000,    1.00000,    1.00000,    1.00000
 0.100;      Kx_gcn;    1.00000,    1.00000,    1.00000,    2.00000,    2.00000,    1.00000,    1.00000,    1.00000,    1.00000,    2.00000
 0.100;       αx_lp;    0.99900,    0.99900,    0.99900,    0.99000,    0.99900,    0.99000,    0.99900,    0.99900,    0.99900,    0.99900
 0.100;      αx_lgc;    0.20000,    0.20000,    0.60000,    0.40000,    0.90000,    0.20000,    0.40000,    0.40000,    0.30000,    0.50000
 0.100;    αx_lgcrp;    0.20000,    0.30000,    0.60000,    0.40000,    0.90000,    0.20000,    0.40000,    0.40000,    0.30000,    0.50000
 0.100;    αx_sgcrp;    0.99000,    0.95000,    0.99900,    0.40000,    0.99000,    0.99000,    0.95000,    0.50000,    0.40000,    0.10000
 0.100;    αx_gcnrp;    0.85000,    0.00000,    0.99900,    0.00000,    0.99000,    0.90000,    0.99900,    0.00000,    0.70000,    0.70000
 0.200;       vi_ll;    0.41861,    0.42844,    0.41838,    0.42324,    0.42340,    0.43001,    0.41006,    0.42346,    0.43254,    0.42813
 0.200;       vi_ff;    0.79834,    0.79850,    0.79884,    0.79750,    0.79929,    0.79806,    0.79754,    0.79795,    0.79877,    0.79824
 0.200;       vi_fl;    0.80022,    0.80054,    0.80082,    0.79954,    0.80124,    0.80016,    0.79948,    0.79995,    0.80080,    0.80028
 0.200;       ac_lr;    0.78739,    0.80962,    0.81152,    0.82089,    0.79703,    0.80964,    0.82604,    0.79509,    0.79655,    0.80665
 0.200;      ac_sgc;    0.74081,    0.72447,    0.72716,    0.71277,    0.72836,    0.73744,    0.72107,    0.69303,    0.73445,    0.74561
 0.200;      ac_gcn;    0.78540,    0.75648,    0.77760,    0.78060,    0.73290,    0.79320,    0.79149,    0.74833,    0.78936,    0.77977
 0.200;       ac_lp;    0.64188,    0.56841,    0.60368,    0.58037,    0.57567,    0.60716,    0.57357,    0.63462,    0.61325,    0.60854
 0.200;      ac_lgc;    0.81603,    0.82464,    0.82659,    0.83554,    0.80767,    0.82041,    0.80450,    0.82077,    0.81265,    0.83616
 0.200;    ac_lgcrp;    0.84041,    0.83677,    0.84361,    0.85446,    0.80904,    0.83047,    0.82793,    0.82592,    0.82817,    0.84543
 0.200;    ac_sgcrp;    0.77484,    0.75111,    0.76899,    0.75495,    0.75341,    0.73744,    0.77256,    0.71423,    0.75501,    0.77022
 0.200;    ac_gcnrp;    0.78805,    0.75648,    0.78045,    0.77959,    0.73784,    0.79320,    0.79379,    0.75070,    0.78936,    0.78327
 0.200;      Kx_sgc;    2.00000,    2.00000,    2.00000,    2.00000,    2.00000,    1.00000,    1.00000,    2.00000,    2.00000,    1.00000
 0.200;      Kx_gcn;    2.00000,    2.00000,    2.00000,    2.00000,    2.00000,    1.00000,    1.00000,    2.00000,    1.00000,    1.00000
 0.200;       αx_lp;    0.99900,    0.99000,    0.99000,    0.99900,    0.99900,    0.99000,    0.99000,    0.99900,    0.99900,    0.99000
 0.200;      αx_lgc;    0.50000,    0.20000,    0.40000,    0.40000,    0.50000,    0.30000,    0.60000,    0.50000,    0.20000,    0.30000
 0.200;    αx_lgcrp;    0.60000,    0.30000,    0.40000,    0.50000,    0.80000,    0.30000,    0.70000,    0.60000,    0.30000,    0.40000
 0.200;    αx_sgcrp;    0.80000,    0.85000,    0.95000,    0.95000,    0.99000,    0.00000,    0.90000,    0.70000,    0.60000,    0.90000
 0.200;    αx_gcnrp;    0.20000,    0.00000,    0.95000,    0.80000,    0.80000,    0.00000,    0.30000,    0.20000,    0.00000,    0.70000
 0.300;       vi_ll;    0.47225,    0.46717,    0.46907,    0.47080,    0.46711,    0.46763,    0.46816,    0.47273,    0.47824,    0.46505
 0.300;       vi_ff;    0.79865,    0.79802,    0.79966,    0.79825,    0.80030,    0.79791,    0.79806,    0.79883,    0.79801,    0.79675
 0.300;       vi_fl;    0.80153,    0.80090,    0.80253,    0.80128,    0.80311,    0.80087,    0.80101,    0.80181,    0.80105,    0.79975
 0.300;       ac_lr;    0.79201,    0.80341,    0.81655,    0.81743,    0.83014,    0.77999,    0.74368,    0.79245,    0.70702,    0.79252
 0.300;      ac_sgc;    0.73351,    0.74027,    0.73248,    0.69874,    0.73755,    0.73103,    0.75347,    0.71544,    0.73962,    0.73151
 0.300;      ac_gcn;    0.78176,    0.80081,    0.79042,    0.78481,    0.75395,    0.79842,    0.81285,    0.77044,    0.77791,    0.78183
 0.300;       ac_lp;    0.66336,    0.65018,    0.64948,    0.63170,    0.63655,    0.67432,    0.65021,    0.64661,    0.65933,    0.66686
 0.300;      ac_lgc;    0.82205,    0.82269,    0.83377,    0.83327,    0.85280,    0.80031,    0.82628,    0.81916,    0.75237,    0.81297
 0.300;    ac_lgcrp;    0.85574,    0.85331,    0.85625,    0.85044,    0.86434,    0.82284,    0.85632,    0.84646,    0.80371,    0.83481
 0.300;    ac_sgcrp;    0.77607,    0.77157,    0.77759,    0.76208,    0.75313,    0.77009,    0.79148,    0.75197,    0.77252,    0.74573
 0.300;    ac_gcnrp;    0.78269,    0.80156,    0.79732,    0.78459,    0.75962,    0.80007,    0.81585,    0.77276,    0.77784,    0.78210
 0.300;      Kx_sgc;    2.00000,    1.00000,    2.00000,    2.00000,    1.00000,    1.00000,    1.00000,    2.00000,    1.00000,    1.00000
 0.300;      Kx_gcn;    1.00000,    1.00000,    2.00000,    2.00000,    2.00000,    1.00000,    1.00000,    2.00000,    1.00000,    1.00000
 0.300;       αx_lp;    0.99900,    0.99900,    0.99000,    0.99900,    0.99900,    0.99900,    0.99900,    0.99900,    0.99900,    0.99900
 0.300;      αx_lgc;    0.50000,    0.20000,    0.30000,    0.40000,    0.50000,    0.30000,    0.50000,    0.30000,    0.50000,    0.30000
 0.300;    αx_lgcrp;    0.60000,    0.40000,    0.40000,    0.50000,    0.70000,    0.40000,    0.60000,    0.50000,    0.60000,    0.40000
 0.300;    αx_sgcrp;    0.90000,    0.90000,    0.95000,    0.95000,    0.99000,    0.95000,    0.85000,    0.90000,    0.85000,    0.50000
 0.300;    αx_gcnrp;    0.10000,    0.50000,    0.80000,    0.70000,    0.90000,    0.70000,    0.40000,    0.60000,    0.20000,    0.20000
 0.400;       vi_ll;    0.50072,    0.49326,    0.49624,    0.50432,    0.50183,    0.50197,    0.49812,    0.49745,    0.50123,    0.48862
 0.400;       vi_ff;    0.79915,    0.79866,    0.79950,    0.79813,    0.80096,    0.79722,    0.79814,    0.79840,    0.79753,    0.79685
 0.400;       vi_fl;    0.80288,    0.80239,    0.80325,    0.80214,    0.80468,    0.80119,    0.80205,    0.80219,    0.80138,    0.80058
 0.400;       ac_lr;    0.82320,    0.80630,    0.81468,    0.80472,    0.83979,    0.78596,    0.83675,    0.79692,    0.84206,    0.79085
 0.400;      ac_sgc;    0.74645,    0.72214,    0.74705,    0.73618,    0.73095,    0.72124,    0.76459,    0.71886,    0.74612,    0.70873
 0.400;      ac_gcn;    0.79136,    0.78596,    0.80638,    0.79309,    0.75945,    0.79024,    0.81469,    0.77445,    0.79713,    0.77968
 0.400;       ac_lp;    0.69899,    0.66693,    0.67300,    0.65341,    0.66226,    0.68676,    0.68496,    0.67517,    0.69324,    0.68747
 0.400;      ac_lgc;    0.84350,    0.82935,    0.83226,    0.82419,    0.85371,    0.80504,    0.85319,    0.81714,    0.85408,    0.80420
 0.400;    ac_lgcrp;    0.89410,    0.86047,    0.86583,    0.86618,    0.87474,    0.84616,    0.89778,    0.84672,    0.88091,    0.83268
 0.400;    ac_sgcrp;    0.77765,    0.76253,    0.79114,    0.77264,    0.75911,    0.76827,    0.80221,    0.76302,    0.78822,    0.73826
 0.400;    ac_gcnrp;    0.79064,    0.78610,    0.81265,    0.78216,    0.75945,    0.79165,    0.81925,    0.78008,    0.79738,    0.78100
 0.400;      Kx_sgc;    1.00000,    1.00000,    2.00000,    2.00000,    1.00000,    1.00000,    1.00000,    2.00000,    2.00000,    1.00000
 0.400;      Kx_gcn;    1.00000,    1.00000,    2.00000,    2.00000,    2.00000,    1.00000,    1.00000,    2.00000,    1.00000,    1.00000
 0.400;       αx_lp;    0.99900,    0.99900,    0.99900,    0.99900,    0.99900,    0.99900,    0.99900,    0.99900,    0.99900,    0.99900
 0.400;      αx_lgc;    0.40000,    0.30000,    0.30000,    0.20000,    0.50000,    0.20000,    0.40000,    0.30000,    0.50000,    0.40000
 0.400;    αx_lgcrp;    0.60000,    0.50000,    0.40000,    0.50000,    0.70000,    0.50000,    0.60000,    0.60000,    0.60000,    0.40000
 0.400;    αx_sgcrp;    0.85000,    0.95000,    0.95000,    0.95000,    0.99000,    0.90000,    0.90000,    0.95000,    0.80000,    0.60000
 0.400;    αx_gcnrp;    0.50000,    0.70000,    0.80000,    0.80000,    0.00000,    0.70000,    0.50000,    0.80000,    0.10000,    0.20000
 0.500;       vi_ll;    0.51760,    0.51544,    0.51866,    0.52259,    0.52802,    0.51580,    0.51406,    0.52156,    0.51928,    0.51671
 0.500;       vi_ff;    0.79844,    0.79878,    0.79904,    0.79767,    0.80057,    0.79706,    0.79890,    0.79886,    0.79710,    0.79581
 0.500;       vi_fl;    0.80303,    0.80337,    0.80368,    0.80251,    0.80531,    0.80170,    0.80349,    0.80350,    0.80179,    0.80057
 0.500;       ac_lr;    0.83937,    0.78619,    0.79150,    0.78930,    0.82504,    0.78731,    0.86035,    0.78616,    0.85909,    0.79213
 0.500;      ac_sgc;    0.74332,    0.75742,    0.74501,    0.73462,    0.73799,    0.71983,    0.75756,    0.71297,    0.73038,    0.67941
 0.500;      ac_gcn;    0.79018,    0.81828,    0.79954,    0.78783,    0.79000,    0.78473,    0.81493,    0.78476,    0.79729,    0.76088
 0.500;       ac_lp;    0.71085,    0.72125,    0.71052,    0.67372,    0.67640,    0.70794,    0.73041,    0.69993,    0.70495,    0.71971
 0.500;      ac_lgc;    0.86577,    0.80384,    0.82031,    0.81085,    0.85264,    0.81299,    0.83690,    0.81428,    0.85538,    0.80753
 0.500;    ac_lgcrp;    0.89233,    0.84577,    0.87121,    0.85605,    0.88437,    0.87464,    0.87651,    0.85247,    0.89070,    0.84433
 0.500;    ac_sgcrp;    0.77657,    0.79604,    0.79922,    0.77747,    0.76273,    0.76689,    0.79849,    0.75759,    0.77525,    0.71901
 0.500;    ac_gcnrp;    0.78987,    0.82057,    0.80745,    0.78978,    0.78930,    0.78813,    0.81970,    0.78322,    0.79729,    0.76251
 0.500;      Kx_sgc;    1.00000,    1.00000,    2.00000,    2.00000,    1.00000,    1.00000,    1.00000,    1.00000,    1.00000,    1.00000
 0.500;      Kx_gcn;    1.00000,    1.00000,    2.00000,    2.00000,    1.00000,    1.00000,    1.00000,    2.00000,    1.00000,    1.00000
 0.500;       αx_lp;    0.99900,    0.99900,    0.99900,    0.99900,    0.99900,    0.99900,    0.99900,    0.99900,    0.99900,    0.99900
 0.500;      αx_lgc;    0.40000,    0.20000,    0.30000,    0.30000,    0.40000,    0.40000,    0.50000,    0.30000,    0.50000,    0.40000
 0.500;    αx_lgcrp;    0.60000,    0.40000,    0.50000,    0.50000,    0.60000,    0.60000,    0.60000,    0.50000,    0.60000,    0.50000
 0.500;    αx_sgcrp;    0.85000,    0.95000,    0.95000,    0.90000,    0.90000,    0.90000,    0.85000,    0.90000,    0.85000,    0.60000
 0.500;    αx_gcnrp;    0.50000,    0.50000,    0.60000,    0.70000,    0.50000,    0.50000,    0.40000,    0.80000,    0.00000,    0.10000
 0.600;       vi_ll;    0.54037,    0.53610,    0.53164,    0.53222,    0.54246,    0.53334,    0.53937,    0.53894,    0.52863,    0.53356
 0.600;       vi_ff;    0.79941,    0.79987,    0.79866,    0.79608,    0.80054,    0.79579,    0.79915,    0.79921,    0.79648,    0.79622
 0.600;       vi_fl;    0.80485,    0.80526,    0.80405,    0.80165,    0.80593,    0.80136,    0.80480,    0.80468,    0.80179,    0.80185
 0.600;       ac_lr;    0.81297,    0.84690,    0.86440,    0.86763,    0.83197,    0.83464,    0.86522,    0.73762,    0.85582,    0.85839
 0.600;      ac_sgc;    0.73382,    0.74732,    0.74965,    0.73434,    0.73834,    0.70215,    0.75214,    0.69821,    0.72492,    0.71529
 0.600;      ac_gcn;    0.77490,    0.80291,    0.81716,    0.79150,    0.78473,    0.75247,    0.81707,    0.77104,    0.79106,    0.77066
 0.600;       ac_lp;    0.73155,    0.72042,    0.72661,    0.69699,    0.70473,    0.71956,    0.75405,    0.70658,    0.71638,    0.72163
 0.600;      ac_lgc;    0.87260,    0.86565,    0.86779,    0.86534,    0.84882,    0.84527,    0.87061,    0.77573,    0.84995,    0.85165
 0.600;    ac_lgcrp;    0.90686,    0.89584,    0.89968,    0.90079,    0.88371,    0.89258,    0.90288,    0.82976,    0.88509,    0.89764
 0.600;    ac_sgcrp;    0.77502,    0.78715,    0.79474,    0.77985,    0.75439,    0.75400,    0.79531,    0.75308,    0.78577,    0.76006
 0.600;    ac_gcnrp;    0.77862,    0.80333,    0.82422,    0.78664,    0.78283,    0.76398,    0.82053,    0.77215,    0.79095,    0.77362
 0.600;      Kx_sgc;    1.00000,    1.00000,    1.00000,    2.00000,    1.00000,    1.00000,    1.00000,    1.00000,    2.00000,    1.00000
 0.600;      Kx_gcn;    1.00000,    1.00000,    2.00000,    1.00000,    1.00000,    2.00000,    1.00000,    1.00000,    1.00000,    1.00000
 0.600;       αx_lp;    0.99900,    0.99900,    0.99900,    0.99900,    0.99900,    0.99900,    0.99900,    0.99900,    0.99900,    0.99900
 0.600;      αx_lgc;    0.40000,    0.40000,    0.50000,    0.50000,    0.40000,    0.50000,    0.40000,    0.30000,    0.50000,    0.50000
 0.600;    αx_lgcrp;    0.60000,    0.60000,    0.60000,    0.60000,    0.60000,    0.60000,    0.60000,    0.50000,    0.60000,    0.60000
 0.600;    αx_sgcrp;    0.85000,    0.90000,    0.85000,    0.85000,    0.90000,    0.80000,    0.80000,    0.90000,    0.95000,    0.70000
 0.600;    αx_gcnrp;    0.40000,    0.60000,    0.60000,    0.70000,    0.40000,    0.40000,    0.30000,    0.60000,    0.40000,    0.20000
