 0.100;       vi_ll;    0.48574,    0.48379,    0.49181,    0.48989,    0.48128,    0.48911,    0.48300,    0.48916,    0.48707,    0.48806
 0.100;       vi_ff;    0.36826,    0.36586,    0.36531,    0.36605,    0.36638,    0.36637,    0.36574,    0.36630,    0.36712,    0.36584
 0.100;       vi_fl;    0.50114,    0.49922,    0.50444,    0.50342,    0.49878,    0.50269,    0.49865,    0.50361,    0.50122,    0.50201
 0.100;       ac_lr;    0.85448,    0.85235,    0.84463,    0.84799,    0.85400,    0.85455,    0.84981,    0.85038,    0.85075,    0.85108
 0.100;      ac_sgc;    0.86264,    0.86323,    0.85183,    0.86136,    0.86228,    0.86244,    0.86008,    0.86237,    0.86507,    0.86046
 0.100;      ac_gcn;    0.94606,    0.93604,    0.93840,    0.93996,    0.93222,    0.94248,    0.93539,    0.93565,    0.93789,    0.93596
 0.100;       ac_lp;    0.92865,    0.91820,    0.91519,    0.92378,    0.92711,    0.93642,    0.93571,    0.92201,    0.91862,    0.94008
 0.100;      ac_lgc;    0.86208,    0.86024,    0.85559,    0.85029,    0.86031,    0.85825,    0.86095,    0.85770,    0.85832,    0.86230
 0.100;    ac_lgcrp;    0.93858,    0.93098,    0.92493,    0.93378,    0.93607,    0.94160,    0.94040,    0.93648,    0.93158,    0.94146
 0.100;    ac_sgcrp;    0.96123,    0.95876,    0.95887,    0.96098,    0.96232,    0.96254,    0.96099,    0.95529,    0.95953,    0.95578
 0.100;    ac_gcnrp;    0.96156,    0.95558,    0.95962,    0.96113,    0.95752,    0.96183,    0.96468,    0.95471,    0.95049,    0.95638
 0.100;      Kx_sgc;    1.00000,    3.00000,    3.00000,    1.00000,    2.00000,    1.00000,    3.00000,    1.00000,    3.00000,    2.00000
 0.100;      Kx_gcn;    3.00000,    3.00000,    3.00000,    2.00000,    2.00000,    3.00000,    2.00000,    3.00000,    3.00000,    3.00000
 0.100;       αx_lp;    0.99900,    0.99900,    0.99900,    0.99900,    0.99900,    0.99900,    0.99900,    0.99900,    0.99900,    0.99900
 0.100;      αx_lgc;    0.40000,    0.99000,    0.99000,    0.10000,    0.99000,    0.90000,    0.80000,    0.30000,    0.99000,    0.80000
 0.100;    αx_lgcrp;    0.99000,    0.99000,    0.99000,    0.99000,    0.99000,    0.99000,    0.99000,    0.99000,    0.99000,    0.99000
 0.100;    αx_sgcrp;    0.99900,    0.99900,    0.99900,    0.99900,    0.99900,    0.99900,    0.99900,    0.99900,    0.99900,    0.99900
 0.100;    αx_gcnrp;    0.99900,    0.99900,    0.99900,    0.99900,    0.99900,    0.99900,    0.99900,    0.99900,    0.99900,    0.99900
 0.200;       vi_ll;    0.54903,    0.54734,    0.54718,    0.54541,    0.54879,    0.54884,    0.54599,    0.54920,    0.54991,    0.54811
 0.200;       vi_ff;    0.36996,    0.36591,    0.36633,    0.36534,    0.36689,    0.36753,    0.36671,    0.36750,    0.36675,    0.36768
 0.200;       vi_fl;    0.55476,    0.55237,    0.55231,    0.55051,    0.55403,    0.55377,    0.55159,    0.55406,    0.55479,    0.55336
 0.200;       ac_lr;    0.85178,    0.84374,    0.84908,    0.85414,    0.85506,    0.85302,    0.85540,    0.85710,    0.85039,    0.85145
 0.200;      ac_sgc;    0.86046,    0.85730,    0.85661,    0.86465,    0.86434,    0.86113,    0.86682,    0.86290,    0.85903,    0.86370
 0.200;      ac_gcn;    0.95112,    0.94203,    0.93941,    0.94313,    0.95052,    0.94355,    0.94748,    0.94588,    0.94621,    0.94044
 0.200;       ac_lp;    0.94478,    0.94176,    0.93417,    0.94753,    0.94495,    0.94633,    0.94834,    0.94229,    0.94933,    0.95019
 0.200;      ac_lgc;    0.86402,    0.85972,    0.85235,    0.86140,    0.85767,    0.86237,    0.86546,    0.86279,    0.86128,    0.86253
 0.200;    ac_lgcrp;    0.94841,    0.94659,    0.93594,    0.95252,    0.94792,    0.94839,    0.95161,    0.94729,    0.94751,    0.95301
 0.200;    ac_sgcrp;    0.96328,    0.96553,    0.96174,    0.97084,    0.96906,    0.96648,    0.96833,    0.96843,    0.96863,    0.96817
 0.200;    ac_gcnrp;    0.96741,    0.96888,    0.96257,    0.97066,    0.96971,    0.96794,    0.96869,    0.96722,    0.96942,    0.96927
 0.200;      Kx_sgc;    3.00000,    2.00000,    3.00000,    1.00000,    2.00000,    2.00000,    3.00000,    2.00000,    2.00000,    2.00000
 0.200;      Kx_gcn;    3.00000,    3.00000,    3.00000,    2.00000,    3.00000,    3.00000,    3.00000,    3.00000,    3.00000,    3.00000
 0.200;       αx_lp;    0.99900,    0.99900,    0.99900,    0.99900,    0.99900,    0.99900,    0.99900,    0.99900,    0.99900,    0.99900
 0.200;      αx_lgc;    0.60000,    0.95000,    0.99000,    0.50000,    0.99000,    0.70000,    0.90000,    0.70000,    0.85000,    0.50000
 0.200;    αx_lgcrp;    0.99000,    0.99000,    0.95000,    0.99000,    0.99000,    0.99000,    0.99000,    0.99000,    0.95000,    0.99000
 0.200;    αx_sgcrp;    0.99900,    0.99900,    0.99900,    0.99900,    0.99900,    0.99900,    0.99900,    0.99900,    0.99900,    0.99900
 0.200;    αx_gcnrp;    0.99900,    0.99900,    0.99000,    0.99900,    0.99900,    0.99900,    0.99900,    0.99900,    0.99000,    0.99900
 0.300;       vi_ll;    0.57921,    0.57755,    0.57999,    0.57853,    0.57877,    0.58129,    0.57920,    0.57857,    0.58217,    0.57943
 0.300;       vi_ff;    0.36855,    0.36428,    0.36658,    0.36610,    0.36420,    0.36860,    0.36756,    0.36621,    0.36742,    0.36551
 0.300;       vi_fl;    0.58222,    0.58022,    0.58269,    0.58129,    0.58144,    0.58394,    0.58207,    0.58118,    0.58478,    0.58205
 0.300;       ac_lr;    0.85059,    0.84175,    0.85236,    0.85392,    0.85559,    0.85356,    0.85625,    0.85603,    0.85655,    0.85953
 0.300;      ac_sgc;    0.86155,    0.85480,    0.85801,    0.86819,    0.86307,    0.86458,    0.86733,    0.86617,    0.86352,    0.86551
 0.300;      ac_gcn;    0.95035,    0.94857,    0.94749,    0.95123,    0.95238,    0.94996,    0.94583,    0.94663,    0.95111,    0.95164
 0.300;       ac_lp;    0.95124,    0.94548,    0.95702,    0.95686,    0.95229,    0.95127,    0.95045,    0.95377,    0.95212,    0.95344
 0.300;      ac_lgc;    0.86425,    0.85132,    0.86153,    0.86478,    0.85460,    0.86279,    0.86724,    0.86724,    0.86490,    0.86834
 0.300;    ac_lgcrp;    0.95209,    0.95062,    0.95815,    0.95986,    0.95471,    0.95406,    0.95528,    0.95794,    0.95542,    0.95652
 0.300;    ac_sgcrp;    0.96881,    0.96840,    0.97190,    0.97556,    0.97161,    0.97232,    0.96940,    0.97362,    0.97104,    0.97032
 0.300;    ac_gcnrp;    0.97067,    0.97249,    0.97443,    0.97590,    0.97265,    0.97125,    0.96974,    0.97361,    0.97247,    0.97327
 0.300;      Kx_sgc;    3.00000,    2.00000,    3.00000,    1.00000,    2.00000,    2.00000,    3.00000,    2.00000,    3.00000,    3.00000
 0.300;      Kx_gcn;    3.00000,    3.00000,    3.00000,    3.00000,    3.00000,    3.00000,    3.00000,    3.00000,    3.00000,    3.00000
 0.300;       αx_lp;    0.99900,    0.99900,    0.99900,    0.99900,    0.99900,    0.99900,    0.99900,    0.99900,    0.99900,    0.99900
 0.300;      αx_lgc;    0.95000,    0.40000,    0.95000,    0.50000,    0.99000,    0.50000,    0.95000,    0.90000,    0.95000,    0.90000
 0.300;    αx_lgcrp;    0.95000,    0.99000,    0.99000,    0.99000,    0.95000,    0.99000,    0.95000,    0.95000,    0.95000,    0.99000
 0.300;    αx_sgcrp;    0.99900,    0.99900,    0.99900,    0.99900,    0.99900,    0.99900,    0.99900,    0.99900,    0.99900,    0.99900
 0.300;    αx_gcnrp;    0.99900,    0.99900,    0.99900,    0.99900,    0.99900,    0.99900,    0.99900,    0.99900,    0.99900,    0.99900
 0.400;       vi_ll;    0.60032,    0.59750,    0.60314,    0.60217,    0.59969,    0.60532,    0.60045,    0.59788,    0.60184,    0.59981
 0.400;       vi_ff;    0.36706,    0.36379,    0.36725,    0.36733,    0.36361,    0.37118,    0.36718,    0.36606,    0.36578,    0.36405
 0.400;       vi_fl;    0.60216,    0.59930,    0.60479,    0.60391,    0.60134,    0.60701,    0.60229,    0.59967,    0.60348,    0.60146
 0.400;       ac_lr;    0.85520,    0.84402,    0.85360,    0.85433,    0.85544,    0.85376,    0.85890,    0.85991,    0.85581,    0.85771
 0.400;      ac_sgc;    0.86353,    0.86109,    0.85742,    0.86616,    0.86231,    0.86671,    0.86525,    0.86885,    0.85718,    0.86837
 0.400;      ac_gcn;    0.95191,    0.94989,    0.94956,    0.95393,    0.95265,    0.95407,    0.94658,    0.94663,    0.94978,    0.95319
 0.400;       ac_lp;    0.95922,    0.94876,    0.95749,    0.96395,    0.95779,    0.95922,    0.95241,    0.95811,    0.95540,    0.95744
 0.400;      ac_lgc;    0.86451,    0.85516,    0.85884,    0.86156,    0.86266,    0.86415,    0.86035,    0.86959,    0.86310,    0.86408
 0.400;    ac_lgcrp;    0.96031,    0.95854,    0.96048,    0.96582,    0.96055,    0.96268,    0.95708,    0.96275,    0.95841,    0.96165
 0.400;    ac_sgcrp;    0.97561,    0.97100,    0.97546,    0.97925,    0.97345,    0.97515,    0.97162,    0.97488,    0.97231,    0.97321
 0.400;    ac_gcnrp;    0.97736,    0.97522,    0.97635,    0.98029,    0.97468,    0.97515,    0.97208,    0.97682,    0.97388,    0.97579
 0.400;      Kx_sgc;    3.00000,    2.00000,    2.00000,    1.00000,    3.00000,    2.00000,    3.00000,    3.00000,    3.00000,    3.00000
 0.400;      Kx_gcn;    3.00000,    3.00000,    3.00000,    3.00000,    3.00000,    3.00000,    3.00000,    3.00000,    3.00000,    3.00000
 0.400;       αx_lp;    0.99900,    0.99900,    0.99900,    0.99900,    0.99900,    0.99900,    0.99900,    0.99900,    0.99900,    0.99900
 0.400;      αx_lgc;    0.60000,    0.40000,    0.95000,    0.60000,    0.95000,    0.50000,    0.99000,    0.95000,    0.95000,    0.70000
 0.400;    αx_lgcrp;    0.95000,    0.95000,    0.95000,    0.95000,    0.95000,    0.95000,    0.95000,    0.95000,    0.95000,    0.95000
 0.400;    αx_sgcrp;    0.99900,    0.99900,    0.99900,    0.99900,    0.99900,    0.99900,    0.99900,    0.99900,    0.99900,    0.99900
 0.400;    αx_gcnrp;    0.99900,    0.99900,    0.99900,    0.99900,    0.99900,    0.99900,    0.99900,    0.99900,    0.99900,    0.99900
 0.500;       vi_ll;    0.61842,    0.61428,    0.61898,    0.61775,    0.61431,    0.61952,    0.61682,    0.61294,    0.61666,    0.61311
 0.500;       vi_ff;    0.36863,    0.36338,    0.36846,    0.36704,    0.36395,    0.37119,    0.36692,    0.36431,    0.36595,    0.36214
 0.500;       vi_fl;    0.61962,    0.61548,    0.62016,    0.61895,    0.61553,    0.62073,    0.61811,    0.61422,    0.61788,    0.61431
 0.500;       ac_lr;    0.85350,    0.85481,    0.85246,    0.85719,    0.85891,    0.84555,    0.86183,    0.85692,    0.85946,    0.85645
 0.500;      ac_sgc;    0.86292,    0.86556,    0.85514,    0.86404,    0.86413,    0.85635,    0.86741,    0.86468,    0.86556,    0.86358
 0.500;      ac_gcn;    0.95171,    0.94964,    0.95160,    0.95437,    0.95148,    0.94976,    0.95048,    0.94789,    0.95131,    0.95223
 0.500;       ac_lp;    0.96403,    0.96076,    0.96336,    0.96690,    0.95964,    0.95997,    0.95727,    0.96000,    0.95902,    0.96045
 0.500;      ac_lgc;    0.86293,    0.86552,    0.85988,    0.86733,    0.86560,    0.85590,    0.85671,    0.86393,    0.86662,    0.86157
 0.500;    ac_lgcrp;    0.96459,    0.96487,    0.96602,    0.96777,    0.96258,    0.96250,    0.96096,    0.96344,    0.96265,    0.96282
 0.500;    ac_sgcrp;    0.97813,    0.97711,    0.97890,    0.98040,    0.97532,    0.97527,    0.97588,    0.97438,    0.97806,    0.97701
 0.500;    ac_gcnrp;    0.97893,    0.97863,    0.98047,    0.98174,    0.97531,    0.97382,    0.97735,    0.97758,    0.97756,    0.97798
 0.500;      Kx_sgc;    2.00000,    2.00000,    2.00000,    1.00000,    2.00000,    1.00000,    3.00000,    3.00000,    2.00000,    3.00000
 0.500;      Kx_gcn;    3.00000,    3.00000,    3.00000,    3.00000,    3.00000,    3.00000,    3.00000,    3.00000,    3.00000,    3.00000
 0.500;       αx_lp;    0.99900,    0.99900,    0.99900,    0.99900,    0.99900,    0.99900,    0.99900,    0.99900,    0.99900,    0.99900
 0.500;      αx_lgc;    0.70000,    0.60000,    0.90000,    0.60000,    0.95000,    0.50000,    0.99000,    0.95000,    0.95000,    0.95000
 0.500;    αx_lgcrp;    0.95000,    0.95000,    0.95000,    0.95000,    0.95000,    0.95000,    0.95000,    0.95000,    0.95000,    0.95000
 0.500;    αx_sgcrp;    0.99900,    0.99900,    0.99900,    0.99900,    0.99900,    0.99900,    0.99900,    0.99900,    0.99900,    0.99900
 0.500;    αx_gcnrp;    0.99900,    0.99900,    0.99900,    0.99900,    0.99900,    0.99900,    0.99900,    0.99900,    0.99900,    0.99900
 0.600;       vi_ll;    0.62943,    0.62413,    0.63007,    0.62889,    0.62735,    0.63171,    0.62841,    0.62569,    0.63086,    0.62570
 0.600;       vi_ff;    0.36834,    0.36204,    0.36699,    0.36694,    0.36520,    0.36995,    0.36388,    0.36476,    0.36772,    0.36479
 0.600;       vi_fl;    0.63035,    0.62506,    0.63097,    0.62981,    0.62825,    0.63264,    0.62935,    0.62665,    0.63176,    0.62663
 0.600;       ac_lr;    0.85943,    0.85326,    0.84821,    0.84673,    0.85909,    0.84900,    0.85291,    0.85507,    0.85652,    0.86199
 0.600;      ac_sgc;    0.86886,    0.86206,    0.85854,    0.86573,    0.86525,    0.86019,    0.86652,    0.86461,    0.86504,    0.86015
 0.600;      ac_gcn;    0.95560,    0.95292,    0.95401,    0.95027,    0.95377,    0.95312,    0.94841,    0.94814,    0.95449,    0.95520
 0.600;       ac_lp;    0.96752,    0.96300,    0.96495,    0.96729,    0.96114,    0.96158,    0.95914,    0.96215,    0.96451,    0.96314
 0.600;      ac_lgc;    0.87045,    0.86136,    0.85634,    0.85982,    0.86420,    0.86513,    0.86059,    0.86536,    0.87052,    0.85173
 0.600;    ac_lgcrp;    0.96927,    0.96647,    0.96709,    0.96832,    0.96503,    0.96456,    0.96249,    0.96524,    0.96736,    0.96541
 0.600;    ac_sgcrp;    0.98078,    0.98009,    0.97912,    0.98080,    0.97703,    0.97755,    0.97566,    0.97632,    0.97962,    0.97840
 0.600;    ac_gcnrp;    0.98338,    0.98106,    0.98226,    0.98180,    0.97890,    0.97794,    0.97733,    0.97944,    0.98063,    0.98003
 0.600;      Kx_sgc;    3.00000,    2.00000,    3.00000,    1.00000,    3.00000,    2.00000,    3.00000,    3.00000,    1.00000,    3.00000
 0.600;      Kx_gcn;    3.00000,    3.00000,    3.00000,    3.00000,    3.00000,    3.00000,    3.00000,    3.00000,    3.00000,    3.00000
 0.600;       αx_lp;    0.99900,    0.99900,    0.99900,    0.99900,    0.99900,    0.99900,    0.99900,    0.99900,    0.99900,    0.99900
 0.600;      αx_lgc;    0.90000,    0.95000,    0.90000,    0.70000,    0.95000,    0.90000,    0.95000,    0.95000,    0.90000,    0.95000
 0.600;    αx_lgcrp;    0.95000,    0.95000,    0.95000,    0.95000,    0.95000,    0.95000,    0.95000,    0.95000,    0.95000,    0.95000
 0.600;    αx_sgcrp;    0.99900,    0.99900,    0.99900,    0.99900,    0.99900,    0.99900,    0.99000,    0.99900,    0.99900,    0.99900
 0.600;    αx_gcnrp;    0.99900,    0.99900,    0.99900,    0.99900,    0.99900,    0.99900,    0.99900,    0.99900,    0.99900,    0.99900
