 0.100;       vi_ll;    0.37413,    0.37306,    0.38083,    0.37876,    0.37103,    0.37792,    0.37216,    0.37844,    0.37562,    0.37704
 0.100;       vi_ff;    0.29328,    0.29115,    0.29064,    0.29123,    0.29173,    0.29173,    0.29151,    0.29174,    0.29220,    0.29081
 0.100;       vi_fl;    0.39823,    0.39658,    0.40094,    0.40001,    0.39685,    0.39944,    0.39634,    0.40053,    0.39785,    0.39881
 0.100;       ac_lr;    0.80569,    0.80611,    0.79691,    0.79498,    0.80664,    0.79922,    0.80288,    0.79892,    0.80170,    0.79438
 0.100;      ac_sgc;    0.79423,    0.79782,    0.78261,    0.78862,    0.79199,    0.78712,    0.79635,    0.79399,    0.77998,    0.77439
 0.100;      ac_gcn;    0.89737,    0.88930,    0.87853,    0.89153,    0.89367,    0.88964,    0.89621,    0.88962,    0.88589,    0.88667
 0.100;       ac_lp;    0.84027,    0.82898,    0.80512,    0.82169,    0.82119,    0.84998,    0.83914,    0.83642,    0.79952,    0.85734
 0.100;      ac_lgc;    0.80569,    0.80611,    0.79691,    0.79486,    0.80664,    0.79580,    0.80288,    0.79892,    0.80163,    0.79492
 0.100;    ac_lgcrp;    0.85510,    0.85295,    0.81839,    0.83517,    0.83622,    0.84976,    0.84516,    0.84962,    0.82037,    0.85955
 0.100;    ac_sgcrp;    0.92081,    0.91786,    0.89270,    0.90764,    0.90787,    0.91679,    0.91691,    0.91194,    0.88545,    0.90130
 0.100;    ac_gcnrp;    0.92092,    0.91891,    0.90248,    0.91882,    0.91287,    0.90913,    0.92169,    0.91639,    0.90044,    0.89666
 0.100;      Kx_sgc;    1.00000,    1.00000,    1.00000,    1.00000,    1.00000,    1.00000,    1.00000,    1.00000,    1.00000,    2.00000
 0.100;      Kx_gcn;    2.00000,    2.00000,    2.00000,    2.00000,    2.00000,    3.00000,    2.00000,    2.00000,    2.00000,    3.00000
 0.100;       αx_lp;    0.99900,    0.99900,    0.99900,    0.99900,    0.99900,    0.99900,    0.99900,    0.99900,    0.99900,    0.99900
 0.100;      αx_lgc;    0.00000,    0.00000,    0.00000,    0.10000,    0.00000,    0.30000,    0.00000,    0.00000,    0.10000,    0.10000
 0.100;    αx_lgcrp;    0.99000,    0.95000,    0.95000,    0.95000,    0.95000,    0.95000,    0.95000,    0.95000,    0.95000,    0.99000
 0.100;    αx_sgcrp;    0.99900,    0.99900,    0.99900,    0.99900,    0.99900,    0.99900,    0.99900,    0.99900,    0.99900,    0.99900
 0.100;    αx_gcnrp;    0.99900,    0.99000,    0.99900,    0.99900,    0.95000,    0.99900,    0.99000,    0.99000,    0.95000,    0.99900
 0.200;       vi_ll;    0.44284,    0.44162,    0.44148,    0.43970,    0.44325,    0.44294,    0.44034,    0.44330,    0.44435,    0.44234
 0.200;       vi_ff;    0.29479,    0.29099,    0.29163,    0.29070,    0.29222,    0.29234,    0.29230,    0.29248,    0.29219,    0.29240
 0.200;       vi_fl;    0.45247,    0.45012,    0.45016,    0.44829,    0.45208,    0.45128,    0.44971,    0.45157,    0.45268,    0.45114
 0.200;       ac_lr;    0.81076,    0.80816,    0.80649,    0.80059,    0.81205,    0.80934,    0.81167,    0.81096,    0.80978,    0.80675
 0.200;      ac_sgc;    0.79825,    0.79564,    0.77733,    0.79044,    0.79607,    0.79359,    0.79171,    0.79523,    0.79059,    0.78707
 0.200;      ac_gcn;    0.90628,    0.90599,    0.89033,    0.90235,    0.90273,    0.90225,    0.90248,    0.89775,    0.90019,    0.89714
 0.200;       ac_lp;    0.88575,    0.88256,    0.84862,    0.88072,    0.87291,    0.88161,    0.87117,    0.86599,    0.87819,    0.87938
 0.200;      ac_lgc;    0.81076,    0.80816,    0.80583,    0.80085,    0.81205,    0.80813,    0.81153,    0.81096,    0.80978,    0.80509
 0.200;    ac_lgcrp;    0.89306,    0.88795,    0.86370,    0.88375,    0.87708,    0.88935,    0.87496,    0.87857,    0.87622,    0.88327
 0.200;    ac_sgcrp;    0.92850,    0.92928,    0.90445,    0.92809,    0.92531,    0.93221,    0.92214,    0.92223,    0.92384,    0.92301
 0.200;    ac_gcnrp;    0.92599,    0.93249,    0.91103,    0.93189,    0.93210,    0.93403,    0.92357,    0.92735,    0.93091,    0.92441
 0.200;      Kx_sgc;    1.00000,    1.00000,    1.00000,    1.00000,    1.00000,    1.00000,    1.00000,    1.00000,    1.00000,    1.00000
 0.200;      Kx_gcn;    3.00000,    2.00000,    3.00000,    2.00000,    2.00000,    2.00000,    3.00000,    2.00000,    2.00000,    2.00000
 0.200;       αx_lp;    0.99900,    0.99900,    0.99900,    0.99900,    0.99900,    0.99900,    0.99900,    0.99900,    0.99900,    0.99900
 0.200;      αx_lgc;    0.00000,    0.00000,    0.10000,    0.10000,    0.00000,    0.20000,    0.10000,    0.00000,    0.00000,    0.20000
 0.200;    αx_lgcrp;    0.95000,    0.99000,    0.95000,    0.95000,    0.99000,    0.95000,    0.99000,    0.95000,    0.90000,    0.99000
 0.200;    αx_sgcrp;    0.99900,    0.99900,    0.99900,    0.99900,    0.99900,    0.99900,    0.99900,    0.99900,    0.99900,    0.99900
 0.200;    αx_gcnrp;    0.99900,    0.99000,    0.99900,    0.99900,    0.99000,    0.99900,    0.99000,    0.99900,    0.99000,    0.99900
 0.300;       vi_ll;    0.47755,    0.47619,    0.47872,    0.47731,    0.47786,    0.47963,    0.47775,    0.47701,    0.48114,    0.47842
 0.300;       vi_ff;    0.29348,    0.28921,    0.29179,    0.29161,    0.28969,    0.29324,    0.29306,    0.29117,    0.29292,    0.29090
 0.300;       vi_fl;    0.48271,    0.48080,    0.48339,    0.48205,    0.48245,    0.48422,    0.48270,    0.48153,    0.48567,    0.48294
 0.300;       ac_lr;    0.81242,    0.79928,    0.80627,    0.80788,    0.80896,    0.80764,    0.81378,    0.80696,    0.80687,    0.80771
 0.300;      ac_sgc;    0.79697,    0.79140,    0.78801,    0.79228,    0.79404,    0.79389,    0.79362,    0.79470,    0.79005,    0.79098
 0.300;      ac_gcn;    0.91303,    0.90447,    0.90822,    0.91150,    0.90534,    0.90517,    0.89570,    0.90381,    0.91077,    0.90717
 0.300;       ac_lp;    0.89243,    0.89313,    0.90286,    0.90296,    0.89184,    0.89093,    0.88584,    0.89288,    0.89317,    0.89306
 0.300;      ac_lgc;    0.81242,    0.79928,    0.80490,    0.80788,    0.80896,    0.80718,    0.81338,    0.80696,    0.80551,    0.80765
 0.300;    ac_lgcrp;    0.89868,    0.89751,    0.90427,    0.90706,    0.89519,    0.89719,    0.89213,    0.89819,    0.89717,    0.89577
 0.300;    ac_sgcrp;    0.93200,    0.93215,    0.93216,    0.93939,    0.92791,    0.93394,    0.93006,    0.93030,    0.92823,    0.92752
 0.300;    ac_gcnrp;    0.93424,    0.93744,    0.93791,    0.94351,    0.92788,    0.93135,    0.92727,    0.93582,    0.93828,    0.93386
 0.300;      Kx_sgc;    1.00000,    1.00000,    1.00000,    1.00000,    1.00000,    1.00000,    1.00000,    1.00000,    1.00000,    1.00000
 0.300;      Kx_gcn;    3.00000,    2.00000,    2.00000,    2.00000,    3.00000,    3.00000,    3.00000,    2.00000,    2.00000,    2.00000
 0.300;       αx_lp;    0.99900,    0.99900,    0.99900,    0.99900,    0.99900,    0.99900,    0.99900,    0.99900,    0.99900,    0.99900
 0.300;      αx_lgc;    0.00000,    0.00000,    0.20000,    0.00000,    0.00000,    0.10000,    0.10000,    0.00000,    0.20000,    0.10000
 0.300;    αx_lgcrp;    0.95000,    0.95000,    0.95000,    0.95000,    0.95000,    0.95000,    0.95000,    0.95000,    0.95000,    0.99000
 0.300;    αx_sgcrp;    0.99900,    0.99900,    0.99900,    0.99900,    0.99900,    0.99900,    0.99900,    0.99900,    0.99900,    0.99900
 0.300;    αx_gcnrp;    0.99000,    0.99900,    0.99000,    0.99900,    0.99000,    0.99000,    0.95000,    0.99900,    0.99900,    0.99900
 0.400;       vi_ll;    0.50240,    0.49978,    0.50541,    0.50452,    0.50216,    0.50715,    0.50258,    0.49956,    0.50442,    0.50228
 0.400;       vi_ff;    0.29235,    0.28952,    0.29224,    0.29256,    0.28901,    0.29571,    0.29282,    0.29098,    0.29154,    0.28944
 0.400;       vi_fl;    0.50560,    0.50289,    0.50829,    0.50752,    0.50504,    0.51010,    0.50578,    0.50265,    0.50728,    0.50513
 0.400;       ac_lr;    0.81243,    0.80779,    0.80664,    0.80723,    0.81506,    0.80825,    0.81758,    0.81104,    0.81264,    0.80718
 0.400;      ac_sgc;    0.80020,    0.79798,    0.78253,    0.79572,    0.79903,    0.79379,    0.79715,    0.79682,    0.78567,    0.78853
 0.400;      ac_gcn;    0.91656,    0.91375,    0.90778,    0.91342,    0.91148,    0.90651,    0.91105,    0.90790,    0.90930,    0.91013
 0.400;       ac_lp;    0.91352,    0.90455,    0.90830,    0.92221,    0.90805,    0.90811,    0.90228,    0.90641,    0.90222,    0.90251
 0.400;      ac_lgc;    0.81243,    0.80779,    0.80604,    0.80723,    0.81506,    0.80825,    0.81695,    0.81104,    0.81073,    0.80676
 0.400;    ac_lgcrp;    0.91740,    0.90974,    0.90946,    0.92336,    0.91194,    0.91043,    0.90633,    0.91069,    0.90742,    0.90746
 0.400;    ac_sgcrp;    0.94288,    0.94054,    0.93480,    0.94584,    0.93780,    0.93782,    0.93538,    0.93626,    0.93229,    0.93240
 0.400;    ac_gcnrp;    0.94199,    0.94616,    0.94102,    0.95022,    0.93547,    0.93425,    0.93761,    0.93942,    0.94009,    0.93874
 0.400;      Kx_sgc;    1.00000,    1.00000,    1.00000,    1.00000,    1.00000,    1.00000,    1.00000,    1.00000,    1.00000,    1.00000
 0.400;      Kx_gcn;    3.00000,    2.00000,    2.00000,    2.00000,    3.00000,    3.00000,    3.00000,    2.00000,    2.00000,    2.00000
 0.400;       αx_lp;    0.99900,    0.99900,    0.99900,    0.99900,    0.99900,    0.99900,    0.99900,    0.99900,    0.99900,    0.99900
 0.400;      αx_lgc;    0.00000,    0.00000,    0.10000,    0.00000,    0.00000,    0.00000,    0.10000,    0.00000,    0.20000,    0.10000
 0.400;    αx_lgcrp;    0.95000,    0.95000,    0.99000,    0.95000,    0.95000,    0.90000,    0.95000,    0.95000,    0.95000,    0.95000
 0.400;    αx_sgcrp;    0.99900,    0.99900,    0.99900,    0.99900,    0.99900,    0.99900,    0.99900,    0.99900,    0.99900,    0.99900
 0.400;    αx_gcnrp;    0.95000,    0.99900,    0.99000,    0.99000,    0.99000,    0.95000,    0.95000,    0.99900,    0.95000,    0.99900
 0.500;       vi_ll;    0.52313,    0.51951,    0.52381,    0.52269,    0.51933,    0.52394,    0.52201,    0.51785,    0.52207,    0.51838
 0.500;       vi_ff;    0.29323,    0.28907,    0.29288,    0.29181,    0.28921,    0.29551,    0.29307,    0.29006,    0.29229,    0.28786
 0.500;       vi_fl;    0.52523,    0.52159,    0.52585,    0.52477,    0.52143,    0.52605,    0.52425,    0.52007,    0.52420,    0.52044
 0.500;       ac_lr;    0.81416,    0.81029,    0.80545,    0.80666,    0.81772,    0.80562,    0.81512,    0.80657,    0.81338,    0.80558
 0.500;      ac_sgc;    0.80448,    0.79786,    0.79171,    0.78953,    0.79868,    0.79193,    0.79393,    0.79355,    0.78990,    0.78618
 0.500;      ac_gcn;    0.91269,    0.91886,    0.91527,    0.91104,    0.90998,    0.90535,    0.90757,    0.90670,    0.91203,    0.91135
 0.500;       ac_lp;    0.92165,    0.92190,    0.92683,    0.92887,    0.91123,    0.91058,    0.90923,    0.91347,    0.90621,    0.90829
 0.500;      ac_lgc;    0.81416,    0.80982,    0.80530,    0.80666,    0.81732,    0.80533,    0.81419,    0.80657,    0.81279,    0.80524
 0.500;    ac_lgcrp;    0.92614,    0.92405,    0.92938,    0.93024,    0.91579,    0.91438,    0.91209,    0.91707,    0.91088,    0.91150
 0.500;    ac_sgcrp;    0.94700,    0.94712,    0.94534,    0.94641,    0.93776,    0.93894,    0.93765,    0.93805,    0.93512,    0.93532
 0.500;    ac_gcnrp;    0.94451,    0.94794,    0.94804,    0.94994,    0.94146,    0.93573,    0.94080,    0.94131,    0.94259,    0.94235
 0.500;      Kx_sgc;    1.00000,    1.00000,    1.00000,    1.00000,    1.00000,    1.00000,    1.00000,    1.00000,    1.00000,    1.00000
 0.500;      Kx_gcn;    3.00000,    3.00000,    2.00000,    2.00000,    2.00000,    3.00000,    2.00000,    2.00000,    2.00000,    2.00000
 0.500;       αx_lp;    0.99900,    0.99900,    0.99900,    0.99900,    0.99900,    0.99900,    0.99900,    0.99900,    0.99900,    0.99900
 0.500;      αx_lgc;    0.00000,    0.10000,    0.10000,    0.00000,    0.10000,    0.10000,    0.10000,    0.00000,    0.10000,    0.10000
 0.500;    αx_lgcrp;    0.95000,    0.95000,    0.95000,    0.95000,    0.95000,    0.90000,    0.95000,    0.95000,    0.95000,    0.95000
 0.500;    αx_sgcrp;    0.99900,    0.99900,    0.99900,    0.99900,    0.99900,    0.99900,    0.99900,    0.99900,    0.99900,    0.99900
 0.500;    αx_gcnrp;    0.99000,    0.99000,    0.99900,    0.99900,    0.99900,    0.99000,    0.95000,    0.99900,    0.99000,    0.99900
 0.600;       vi_ll;    0.53631,    0.53138,    0.53737,    0.53603,    0.53435,    0.53886,    0.53649,    0.53287,    0.53852,    0.53259
 0.600;       vi_ff;    0.29283,    0.28770,    0.29195,    0.29190,    0.28988,    0.29515,    0.29087,    0.29031,    0.29372,    0.28973
 0.600;       vi_fl;    0.53790,    0.53299,    0.53892,    0.53763,    0.53591,    0.54047,    0.53811,    0.53453,    0.54010,    0.53420
 0.600;       ac_lr;    0.81332,    0.81604,    0.81155,    0.80898,    0.81564,    0.81672,    0.81365,    0.80849,    0.81600,    0.80302
 0.600;      ac_sgc;    0.80237,    0.79830,    0.79645,    0.79953,    0.79726,    0.79634,    0.79111,    0.79437,    0.79025,    0.78105
 0.600;      ac_gcn;    0.91002,    0.91689,    0.91655,    0.91139,    0.90669,    0.91017,    0.90680,    0.90825,    0.91099,    0.91243
 0.600;       ac_lp;    0.92955,    0.92740,    0.92984,    0.93135,    0.91642,    0.91195,    0.91806,    0.92184,    0.91680,    0.91584
 0.600;      ac_lgc;    0.81332,    0.81535,    0.81155,    0.80898,    0.81518,    0.81606,    0.81301,    0.80849,    0.81539,    0.80302
 0.600;    ac_lgcrp;    0.93271,    0.92912,    0.93309,    0.93395,    0.91963,    0.91634,    0.92259,    0.92501,    0.92019,    0.91842
 0.600;    ac_sgcrp;    0.94957,    0.94887,    0.94803,    0.95004,    0.94051,    0.93967,    0.94122,    0.94427,    0.93949,    0.93896
 0.600;    ac_gcnrp;    0.95000,    0.95364,    0.95050,    0.95219,    0.93853,    0.94056,    0.93881,    0.94739,    0.94589,    0.94440
 0.600;      Kx_sgc;    1.00000,    1.00000,    1.00000,    1.00000,    1.00000,    1.00000,    1.00000,    1.00000,    1.00000,    1.00000
 0.600;      Kx_gcn;    3.00000,    2.00000,    2.00000,    2.00000,    3.00000,    3.00000,    3.00000,    2.00000,    2.00000,    2.00000
 0.600;       αx_lp;    0.99900,    0.99900,    0.99900,    0.99900,    0.99900,    0.99900,    0.99900,    0.99900,    0.99900,    0.99900
 0.600;      αx_lgc;    0.00000,    0.10000,    0.00000,    0.00000,    0.10000,    0.10000,    0.10000,    0.00000,    0.10000,    0.00000
 0.600;    αx_lgcrp;    0.90000,    0.95000,    0.95000,    0.95000,    0.95000,    0.90000,    0.90000,    0.95000,    0.95000,    0.90000
 0.600;    αx_sgcrp;    0.99900,    0.99900,    0.99900,    0.99900,    0.99900,    0.99900,    0.99900,    0.99900,    0.99900,    0.99900
 0.600;    αx_gcnrp;    0.99900,    0.99900,    0.99000,    0.99900,    0.99000,    0.95000,    0.95000,    0.99900,    0.99900,    0.99900
