 0.100;       vi_ll;    0.52230,    0.51992,    0.52869,    0.52666,    0.51695,    0.52591,    0.51951,    0.52573,    0.52367,    0.52449
 0.100;       vi_ff;   -0.00549,   -0.00701,   -0.00703,   -0.00662,   -0.00663,   -0.00648,   -0.00789,   -0.00665,   -0.00571,   -0.00640
 0.100;       vi_fl;    0.52269,    0.52032,    0.52900,    0.52699,    0.51745,    0.52624,    0.51991,    0.52611,    0.52402,    0.52484
 0.100;       ac_lr;    0.75797,    0.75678,    0.73843,    0.74627,    0.74990,    0.75040,    0.75043,    0.73931,    0.74487,    0.73469
 0.100;      ac_sgc;    0.80227,    0.79238,    0.78229,    0.77203,    0.79595,    0.78813,    0.79301,    0.80258,    0.79725,    0.77963
 0.100;      ac_gcn;    0.89537,    0.89021,    0.87916,    0.87839,    0.89538,    0.89557,    0.88152,    0.89379,    0.89709,    0.88491
 0.100;       ac_lp;    0.93667,    0.92253,    0.93517,    0.92951,    0.93894,    0.93264,    0.93368,    0.93603,    0.93350,    0.93817
 0.100;      ac_lgc;    0.80762,    0.80359,    0.79625,    0.80637,    0.80496,    0.80431,    0.80087,    0.80419,    0.80082,    0.80693
 0.100;    ac_lgcrp;    0.94091,    0.93066,    0.93791,    0.92873,    0.94166,    0.93688,    0.93820,    0.94049,    0.93786,    0.93548
 0.100;    ac_sgcrp;    0.95696,    0.95641,    0.95581,    0.94157,    0.95463,    0.96022,    0.95506,    0.96255,    0.95042,    0.94730
 0.100;    ac_gcnrp;    0.94931,    0.94749,    0.94939,    0.93958,    0.95004,    0.95519,    0.95096,    0.95395,    0.95230,    0.94810
 0.100;      Kx_sgc;    3.00000,    3.00000,    3.00000,    3.00000,    3.00000,    3.00000,    3.00000,    3.00000,    2.00000,    2.00000
 0.100;      Kx_gcn;    3.00000,    3.00000,    3.00000,    3.00000,    3.00000,    3.00000,    3.00000,    3.00000,    3.00000,    3.00000
 0.100;       αx_lp;    0.99900,    0.99900,    0.99900,    0.99900,    0.99900,    0.99900,    0.99900,    0.99900,    0.99900,    0.99900
 0.100;      αx_lgc;    0.95000,    0.95000,    0.95000,    0.95000,    0.95000,    0.95000,    0.95000,    0.95000,    0.95000,    0.95000
 0.100;    αx_lgcrp;    0.99900,    0.99900,    0.99900,    0.99900,    0.99900,    0.99000,    0.99900,    0.99900,    0.99900,    0.99000
 0.100;    αx_sgcrp;    0.99900,    0.99900,    0.99900,    0.99900,    0.99900,    0.99900,    0.99900,    0.99900,    0.99900,    0.99900
 0.100;    αx_gcnrp;    0.99900,    0.99900,    0.99900,    0.99900,    0.99900,    0.99900,    0.99900,    0.99900,    0.99900,    0.99900
 0.200;       vi_ll;    0.58588,    0.58415,    0.58405,    0.58228,    0.58564,    0.58559,    0.58292,    0.58609,    0.58694,    0.58474
 0.200;       vi_ff;   -0.00440,   -0.00634,   -0.00708,   -0.00769,   -0.00665,   -0.00489,   -0.00709,   -0.00518,   -0.00664,   -0.00559
 0.200;       vi_fl;    0.58600,    0.58426,    0.58416,    0.58239,    0.58575,    0.58569,    0.58304,    0.58619,    0.58705,    0.58485
 0.200;       ac_lr;    0.75656,    0.74649,    0.72905,    0.76428,    0.74973,    0.73909,    0.75208,    0.76270,    0.74598,    0.75186
 0.200;      ac_sgc;    0.79750,    0.79990,    0.78832,    0.79661,    0.80027,    0.80253,    0.80143,    0.80603,    0.80228,    0.80374
 0.200;      ac_gcn;    0.89849,    0.89716,    0.89182,    0.89893,    0.90271,    0.89883,    0.88195,    0.89923,    0.90348,    0.90156
 0.200;       ac_lp;    0.95331,    0.94960,    0.95364,    0.94583,    0.95123,    0.95210,    0.94795,    0.94958,    0.95202,    0.94993
 0.200;      ac_lgc;    0.80182,    0.80658,    0.79171,    0.80934,    0.80644,    0.80488,    0.80515,    0.80671,    0.80573,    0.80615
 0.200;    ac_lgcrp;    0.95349,    0.95064,    0.95460,    0.94712,    0.95116,    0.95350,    0.94828,    0.95118,    0.95237,    0.95037
 0.200;    ac_sgcrp;    0.96648,    0.96962,    0.96667,    0.96769,    0.96333,    0.96839,    0.96419,    0.96934,    0.97056,    0.96478
 0.200;    ac_gcnrp;    0.96472,    0.96788,    0.96249,    0.96513,    0.96175,    0.96623,    0.96006,    0.96348,    0.96857,    0.96014
 0.200;      Kx_sgc;    3.00000,    3.00000,    3.00000,    3.00000,    3.00000,    3.00000,    3.00000,    3.00000,    3.00000,    3.00000
 0.200;      Kx_gcn;    3.00000,    3.00000,    3.00000,    3.00000,    3.00000,    3.00000,    3.00000,    3.00000,    3.00000,    3.00000
 0.200;       αx_lp;    0.99900,    0.99900,    0.99900,    0.99900,    0.99900,    0.99900,    0.99900,    0.99900,    0.99900,    0.99900
 0.200;      αx_lgc;    0.95000,    0.95000,    0.90000,    0.95000,    0.95000,    0.95000,    0.95000,    0.95000,    0.95000,    0.95000
 0.200;    αx_lgcrp;    0.99900,    0.99900,    0.99000,    0.99000,    0.99900,    0.99000,    0.99900,    0.99900,    0.99000,    0.99900
 0.200;    αx_sgcrp;    0.99900,    0.99900,    0.99900,    0.99900,    0.99900,    0.99900,    0.99900,    0.99900,    0.99900,    0.99900
 0.200;    αx_gcnrp;    0.99900,    0.99900,    0.99900,    0.99900,    0.99900,    0.99900,    0.99900,    0.99900,    0.99900,    0.99900
 0.300;       vi_ll;    0.61528,    0.61355,    0.61609,    0.61474,    0.61488,    0.61730,    0.61547,    0.61472,    0.61842,    0.61559
 0.300;       vi_ff;   -0.00528,   -0.00638,   -0.00699,   -0.00818,   -0.00812,   -0.00393,   -0.00674,   -0.00583,   -0.00711,   -0.00767
 0.300;       vi_fl;    0.61534,    0.61360,    0.61614,    0.61479,    0.61494,    0.61736,    0.61553,    0.61477,    0.61848,    0.61565
 0.300;       ac_lr;    0.74531,    0.74823,    0.75085,    0.76566,    0.74609,    0.76141,    0.75523,    0.76412,    0.75180,    0.75712
 0.300;      ac_sgc;    0.79539,    0.80380,    0.80027,    0.79757,    0.79937,    0.80935,    0.80379,    0.80534,    0.80520,    0.80890
 0.300;      ac_gcn;    0.89386,    0.90959,    0.90093,    0.89942,    0.90490,    0.89960,    0.89969,    0.90585,    0.90783,    0.91159
 0.300;       ac_lp;    0.95886,    0.95341,    0.95768,    0.95217,    0.95622,    0.95595,    0.95319,    0.95570,    0.95783,    0.95900
 0.300;      ac_lgc;    0.80751,    0.80212,    0.80703,    0.80953,    0.80040,    0.80887,    0.80560,    0.81399,    0.81035,    0.81545
 0.300;    ac_lgcrp;    0.95960,    0.95392,    0.95829,    0.95391,    0.95600,    0.95688,    0.95386,    0.95701,    0.95805,    0.95994
 0.300;    ac_sgcrp;    0.97020,    0.97390,    0.97389,    0.97264,    0.97027,    0.97411,    0.97258,    0.97435,    0.97482,    0.97461
 0.300;    ac_gcnrp;    0.96967,    0.97414,    0.97205,    0.97263,    0.96797,    0.97336,    0.97021,    0.97347,    0.97243,    0.97318
 0.300;      Kx_sgc;    3.00000,    3.00000,    3.00000,    3.00000,    3.00000,    3.00000,    3.00000,    3.00000,    3.00000,    3.00000
 0.300;      Kx_gcn;    3.00000,    3.00000,    3.00000,    3.00000,    3.00000,    3.00000,    3.00000,    3.00000,    3.00000,    3.00000
 0.300;       αx_lp;    0.99900,    0.99900,    0.99900,    0.99900,    0.99900,    0.99900,    0.99900,    0.99900,    0.99900,    0.99900
 0.300;      αx_lgc;    0.95000,    0.95000,    0.95000,    0.95000,    0.95000,    0.95000,    0.95000,    0.95000,    0.95000,    0.95000
 0.300;    αx_lgcrp;    0.99000,    0.99900,    0.99000,    0.99000,    0.99900,    0.99000,    0.99000,    0.99000,    0.99000,    0.99000
 0.300;    αx_sgcrp;    0.99900,    0.99900,    0.99900,    0.99900,    0.99900,    0.99900,    0.99900,    0.99900,    0.99900,    0.99900
 0.300;    αx_gcnrp;    0.99900,    0.99900,    0.99900,    0.99900,    0.99900,    0.99900,    0.99900,    0.99900,    0.99900,    0.99900
 0.400;       vi_ll;    0.63568,    0.63298,    0.63835,    0.63743,    0.63502,    0.64047,    0.63593,    0.63321,    0.63731,    0.63515
 0.400;       vi_ff;   -0.00657,   -0.00882,   -0.00648,   -0.00753,   -0.00832,   -0.00281,   -0.00760,   -0.00579,   -0.00847,   -0.00750
 0.400;       vi_fl;    0.63572,    0.63301,    0.63839,    0.63746,    0.63505,    0.64050,    0.63597,    0.63325,    0.63735,    0.63518
 0.400;       ac_lr;    0.74545,    0.75964,    0.74584,    0.76259,    0.74566,    0.76204,    0.74395,    0.76284,    0.74480,    0.75547
 0.400;      ac_sgc;    0.78981,    0.80587,    0.79175,    0.80659,    0.79367,    0.80841,    0.79811,    0.80578,    0.79972,    0.80614
 0.400;      ac_gcn;    0.90063,    0.90933,    0.90238,    0.90987,    0.91084,    0.90044,    0.90183,    0.90436,    0.90963,    0.91137
 0.400;       ac_lp;    0.96069,    0.95825,    0.95841,    0.96423,    0.96121,    0.96161,    0.95951,    0.96062,    0.96329,    0.96246
 0.400;      ac_lgc;    0.80701,    0.80471,    0.80394,    0.81200,    0.80294,    0.80990,    0.80139,    0.81138,    0.80594,    0.80763
 0.400;    ac_lgcrp;    0.96179,    0.95874,    0.95867,    0.96455,    0.96142,    0.96212,    0.95999,    0.96119,    0.96368,    0.96298
 0.400;    ac_sgcrp;    0.97470,    0.97649,    0.97358,    0.97827,    0.97507,    0.97722,    0.97542,    0.97698,    0.97888,    0.97842
 0.400;    ac_gcnrp;    0.97491,    0.97753,    0.97544,    0.97920,    0.97516,    0.97663,    0.97464,    0.97705,    0.97834,    0.97707
 0.400;      Kx_sgc;    3.00000,    3.00000,    3.00000,    3.00000,    3.00000,    3.00000,    3.00000,    3.00000,    3.00000,    3.00000
 0.400;      Kx_gcn;    3.00000,    3.00000,    3.00000,    3.00000,    3.00000,    3.00000,    3.00000,    3.00000,    3.00000,    3.00000
 0.400;       αx_lp;    0.99900,    0.99900,    0.99900,    0.99900,    0.99900,    0.99900,    0.99900,    0.99900,    0.99900,    0.99900
 0.400;      αx_lgc;    0.95000,    0.95000,    0.95000,    0.95000,    0.95000,    0.95000,    0.95000,    0.95000,    0.95000,    0.95000
 0.400;    αx_lgcrp;    0.99000,    0.99900,    0.99000,    0.99000,    0.99000,    0.99000,    0.99000,    0.99000,    0.99000,    0.99000
 0.400;    αx_sgcrp;    0.99900,    0.99900,    0.99900,    0.99900,    0.99900,    0.99900,    0.99900,    0.99900,    0.99900,    0.99900
 0.400;    αx_gcnrp;    0.99900,    0.99900,    0.99900,    0.99900,    0.99900,    0.99900,    0.99900,    0.99900,    0.99900,    0.99900
 0.500;       vi_ll;    0.65284,    0.64900,    0.65332,    0.65215,    0.64894,    0.65392,    0.65169,    0.64775,    0.65158,    0.64786
 0.500;       vi_ff;   -0.00467,   -0.00899,   -0.00476,   -0.00633,   -0.00829,   -0.00243,   -0.00931,   -0.00900,   -0.01020,   -0.00921
 0.500;       vi_fl;    0.65287,    0.64903,    0.65334,    0.65217,    0.64896,    0.65395,    0.65172,    0.64778,    0.65160,    0.64788
 0.500;       ac_lr;    0.74627,    0.76176,    0.75694,    0.76959,    0.74604,    0.74175,    0.74608,    0.74561,    0.75599,    0.74445
 0.500;      ac_sgc;    0.78787,    0.80672,    0.80421,    0.81259,    0.79794,    0.80316,    0.79961,    0.79540,    0.80758,    0.80034
 0.500;      ac_gcn;    0.90090,    0.91356,    0.90970,    0.91207,    0.90450,    0.90006,    0.90552,    0.89770,    0.91318,    0.91038
 0.500;       ac_lp;    0.96372,    0.96218,    0.96100,    0.96624,    0.96108,    0.96237,    0.96032,    0.96607,    0.96269,    0.96574
 0.500;      ac_lgc;    0.80199,    0.80648,    0.80901,    0.81522,    0.80488,    0.80041,    0.80546,    0.80754,    0.80879,    0.80840
 0.500;    ac_lgcrp;    0.96426,    0.96276,    0.96118,    0.96665,    0.96157,    0.96308,    0.96111,    0.96627,    0.96295,    0.96629
 0.500;    ac_sgcrp;    0.97745,    0.97983,    0.97569,    0.98055,    0.97624,    0.97900,    0.97797,    0.97921,    0.97984,    0.98037
 0.500;    ac_gcnrp;    0.97845,    0.98021,    0.97756,    0.98163,    0.97660,    0.97985,    0.97865,    0.98038,    0.98008,    0.97956
 0.500;      Kx_sgc;    3.00000,    3.00000,    3.00000,    3.00000,    3.00000,    3.00000,    3.00000,    3.00000,    3.00000,    3.00000
 0.500;      Kx_gcn;    3.00000,    3.00000,    3.00000,    3.00000,    3.00000,    3.00000,    3.00000,    3.00000,    3.00000,    3.00000
 0.500;       αx_lp;    0.99900,    0.99900,    0.99900,    0.99900,    0.99900,    0.99900,    0.99900,    0.99900,    0.99900,    0.99900
 0.500;      αx_lgc;    0.95000,    0.95000,    0.95000,    0.95000,    0.95000,    0.95000,    0.95000,    0.95000,    0.95000,    0.95000
 0.500;    αx_lgcrp;    0.99000,    0.99000,    0.99000,    0.99000,    0.99000,    0.99000,    0.99000,    0.99000,    0.99000,    0.99000
 0.500;    αx_sgcrp;    0.99900,    0.99900,    0.99900,    0.99900,    0.99900,    0.99900,    0.99900,    0.99900,    0.99900,    0.99900
 0.500;    αx_gcnrp;    0.99900,    0.99900,    0.99900,    0.99900,    0.99900,    0.99900,    0.99900,    0.99900,    0.99900,    0.99900
 0.600;       vi_ll;    0.66326,    0.65826,    0.66393,    0.66279,    0.66120,    0.66567,    0.66276,    0.65980,    0.66496,    0.65968
 0.600;       vi_ff;   -0.00451,   -0.00905,   -0.00617,   -0.00711,   -0.00697,   -0.00475,   -0.01223,   -0.00858,   -0.00916,   -0.00666
 0.600;       vi_fl;    0.66327,    0.65828,    0.66394,    0.66281,    0.66122,    0.66569,    0.66278,    0.65982,    0.66498,    0.65970
 0.600;       ac_lr;    0.74914,    0.75707,    0.75730,    0.77262,    0.74016,    0.75017,    0.74417,    0.76024,    0.75962,    0.73213
 0.600;      ac_sgc;    0.80002,    0.80825,    0.80740,    0.81618,    0.79865,    0.80656,    0.79899,    0.80671,    0.80908,    0.80435
 0.600;      ac_gcn;    0.90366,    0.91616,    0.91403,    0.91893,    0.91112,    0.90687,    0.90764,    0.91028,    0.91261,    0.91233
 0.600;       ac_lp;    0.96655,    0.96576,    0.96589,    0.96957,    0.96423,    0.96162,    0.96622,    0.96873,    0.96809,    0.96504
 0.600;      ac_lgc;    0.80645,    0.80852,    0.81345,    0.81763,    0.81152,    0.80797,    0.81142,    0.81669,    0.81261,    0.81232
 0.600;    ac_lgcrp;    0.96685,    0.96642,    0.96594,    0.96992,    0.96470,    0.96245,    0.96684,    0.96895,    0.96823,    0.96530
 0.600;    ac_sgcrp;    0.98029,    0.98265,    0.97900,    0.98243,    0.97887,    0.97953,    0.98159,    0.98260,    0.98381,    0.97876
 0.600;    ac_gcnrp;    0.98171,    0.98364,    0.98066,    0.98317,    0.98036,    0.98050,    0.98286,    0.98362,    0.98385,    0.98019
 0.600;      Kx_sgc;    3.00000,    3.00000,    3.00000,    3.00000,    3.00000,    3.00000,    3.00000,    3.00000,    3.00000,    3.00000
 0.600;      Kx_gcn;    3.00000,    3.00000,    3.00000,    3.00000,    3.00000,    3.00000,    3.00000,    3.00000,    3.00000,    3.00000
 0.600;       αx_lp;    0.99900,    0.99900,    0.99900,    0.99900,    0.99900,    0.99900,    0.99900,    0.99900,    0.99900,    0.99900
 0.600;      αx_lgc;    0.95000,    0.95000,    0.95000,    0.95000,    0.95000,    0.95000,    0.95000,    0.95000,    0.95000,    0.95000
 0.600;    αx_lgcrp;    0.99000,    0.99000,    0.99000,    0.99000,    0.99000,    0.99000,    0.99000,    0.99000,    0.99000,    0.99000
 0.600;    αx_sgcrp;    0.99900,    0.99900,    0.99900,    0.99900,    0.99900,    0.99900,    0.99900,    0.99900,    0.99900,    0.99900
 0.600;    αx_gcnrp;    0.99900,    0.99900,    0.99900,    0.99900,    0.99900,    0.99900,    0.99900,    0.99900,    0.99900,    0.99900
