 0.100;       vi_ll;    0.23786,    0.23930,    0.23540,    0.24254,    0.23888,    0.23128,    0.23188,    0.23889,    0.23177,    0.23309
 0.100;       vi_ff;    0.55437,    0.55342,    0.55398,    0.55218,    0.55428,    0.55381,    0.55367,    0.55459,    0.55533,    0.55300
 0.100;       vi_fl;    0.55666,    0.55563,    0.55623,    0.55458,    0.55651,    0.55612,    0.55579,    0.55677,    0.55759,    0.55529
 0.100;       ac_lr;    0.67374,    0.71953,    0.74629,    0.72346,    0.73521,    0.73087,    0.67898,    0.68677,    0.74602,    0.74269
 0.100;      ac_sgc;    0.59464,    0.63670,    0.67233,    0.66061,    0.62903,    0.63622,    0.63519,    0.67753,    0.62649,    0.64928
 0.100;      ac_gcn;    0.66692,    0.63475,    0.64747,    0.64459,    0.68535,    0.69216,    0.65596,    0.69765,    0.65395,    0.66927
 0.100;       ac_lp;    0.51580,    0.54985,    0.50848,    0.49043,    0.54401,    0.56422,    0.42457,    0.48127,    0.53488,    0.43036
 0.100;      ac_lgc;    0.67374,    0.66310,    0.74629,    0.72346,    0.62799,    0.73087,    0.67898,    0.68677,    0.59059,    0.74200
 0.100;    ac_lgcrp;    0.67374,    0.67052,    0.74629,    0.72346,    0.70485,    0.73087,    0.67898,    0.68677,    0.68958,    0.74321
 0.100;    ac_sgcrp;    0.59464,    0.63921,    0.71533,    0.68555,    0.65650,    0.65657,    0.63519,    0.70801,    0.64556,    0.66436
 0.100;    ac_gcnrp;    0.68945,    0.63851,    0.65317,    0.64459,    0.66755,    0.69195,    0.65596,    0.69765,    0.65622,    0.67620
 0.100;      Kx_sgc;    3.00000,    1.00000,    1.00000,    1.00000,    3.00000,    2.00000,    1.00000,    1.00000,    2.00000,    1.00000
 0.100;      Kx_gcn;    1.00000,    1.00000,    3.00000,    2.00000,    2.00000,    1.00000,    1.00000,    2.00000,    3.00000,    1.00000
 0.100;       αx_lp;    0.99900,    0.99900,    0.99900,    0.99900,    0.99900,    0.99900,    0.99000,    0.99900,    0.99900,    0.99900
 0.100;      αx_lgc;    0.00000,    0.70000,    0.00000,    0.00000,    0.90000,    0.00000,    0.00000,    0.00000,    0.90000,    0.10000
 0.100;    αx_lgcrp;    0.00000,    0.70000,    0.00000,    0.00000,    0.70000,    0.00000,    0.00000,    0.00000,    0.85000,    0.20000
 0.100;    αx_sgcrp;    0.00000,    0.30000,    0.95000,    0.80000,    0.85000,    0.80000,    0.00000,    0.95000,    0.95000,    0.70000
 0.100;    αx_gcnrp;    0.85000,    0.60000,    0.60000,    0.00000,    0.99000,    0.99000,    0.00000,    0.00000,    0.95000,    0.80000
 0.200;       vi_ll;    0.29898,    0.30662,    0.29984,    0.30335,    0.30350,    0.30723,    0.29303,    0.30308,    0.30926,    0.30683
 0.200;       vi_ff;    0.55366,    0.55393,    0.55451,    0.55219,    0.55532,    0.55318,    0.55221,    0.55305,    0.55440,    0.55353
 0.200;       vi_fl;    0.55778,    0.55841,    0.55886,    0.55667,    0.55961,    0.55778,    0.55645,    0.55744,    0.55887,    0.55801
 0.200;       ac_lr;    0.69059,    0.69166,    0.76108,    0.73311,    0.74297,    0.72521,    0.73155,    0.73208,    0.75213,    0.72645
 0.200;      ac_sgc;    0.66391,    0.66009,    0.70039,    0.66239,    0.65709,    0.65443,    0.65407,    0.65398,    0.69105,    0.66513
 0.200;      ac_gcn;    0.70246,    0.69286,    0.68729,    0.67428,    0.71368,    0.70286,    0.67222,    0.68575,    0.70634,    0.71625
 0.200;       ac_lp;    0.64458,    0.63622,    0.59111,    0.61761,    0.58436,    0.62241,    0.58050,    0.60911,    0.64456,    0.61080
 0.200;      ac_lgc;    0.69059,    0.69166,    0.76108,    0.73085,    0.73436,    0.72611,    0.71558,    0.73208,    0.75213,    0.72645
 0.200;    ac_lgcrp;    0.74730,    0.70780,    0.77082,    0.74775,    0.74654,    0.72941,    0.72573,    0.74319,    0.75237,    0.73845
 0.200;    ac_sgcrp;    0.71823,    0.69491,    0.72525,    0.71464,    0.70721,    0.69250,    0.68526,    0.71570,    0.73287,    0.69322
 0.200;    ac_gcnrp;    0.72548,    0.70135,    0.67697,    0.69104,    0.73062,    0.72228,    0.67830,    0.68834,    0.70908,    0.72255
 0.200;      Kx_sgc;    1.00000,    1.00000,    1.00000,    1.00000,    2.00000,    1.00000,    1.00000,    2.00000,    1.00000,    1.00000
 0.200;      Kx_gcn;    1.00000,    2.00000,    3.00000,    1.00000,    2.00000,    1.00000,    1.00000,    2.00000,    2.00000,    1.00000
 0.200;       αx_lp;    0.99900,    0.99900,    0.99900,    0.99900,    0.99900,    0.99900,    0.99900,    0.99900,    0.99900,    0.99900
 0.200;      αx_lgc;    0.00000,    0.00000,    0.00000,    0.30000,    0.40000,    0.10000,    0.40000,    0.00000,    0.00000,    0.00000
 0.200;    αx_lgcrp;    0.40000,    0.20000,    0.60000,    0.50000,    0.70000,    0.50000,    0.60000,    0.30000,    0.70000,    0.20000
 0.200;    αx_sgcrp;    0.95000,    0.95000,    0.99000,    0.90000,    0.90000,    0.85000,    0.95000,    0.90000,    0.95000,    0.50000
 0.200;    αx_gcnrp;    0.85000,    0.85000,    0.95000,    0.60000,    0.80000,    0.90000,    0.99000,    0.20000,    0.95000,    0.20000
 0.300;       vi_ll;    0.34261,    0.33866,    0.33999,    0.34194,    0.33968,    0.33886,    0.33950,    0.34341,    0.34686,    0.33658
 0.300;       vi_ff;    0.55421,    0.55306,    0.55588,    0.55349,    0.55704,    0.55288,    0.55303,    0.55458,    0.55305,    0.55090
 0.300;       vi_fl;    0.56056,    0.55940,    0.56219,    0.56014,    0.56323,    0.55938,    0.55951,    0.56113,    0.55971,    0.55750
 0.300;       ac_lr;    0.70901,    0.69409,    0.74843,    0.73510,    0.74681,    0.71399,    0.72615,    0.73939,    0.74464,    0.72062
 0.300;      ac_sgc;    0.65721,    0.65367,    0.66031,    0.65822,    0.66038,    0.67323,    0.66632,    0.67903,    0.68287,    0.66086
 0.300;      ac_gcn;    0.68930,    0.69907,    0.67899,    0.68748,    0.71942,    0.71415,    0.68016,    0.73182,    0.72694,    0.72229
 0.300;       ac_lp;    0.67502,    0.63683,    0.60327,    0.65843,    0.63189,    0.65430,    0.64909,    0.66867,    0.65847,    0.66218
 0.300;      ac_lgc;    0.70799,    0.69409,    0.74843,    0.73510,    0.73766,    0.71399,    0.72752,    0.73939,    0.74979,    0.72198
 0.300;    ac_lgcrp;    0.73352,    0.72761,    0.74163,    0.75373,    0.76540,    0.73651,    0.74850,    0.77078,    0.76413,    0.75357
 0.300;    ac_sgcrp;    0.71931,    0.70210,    0.69298,    0.71866,    0.71838,    0.72494,    0.70597,    0.74033,    0.73994,    0.75310
 0.300;    ac_gcnrp;    0.71925,    0.71292,    0.67250,    0.70490,    0.73845,    0.73713,    0.69932,    0.74327,    0.73715,    0.76555
 0.300;      Kx_sgc;    1.00000,    1.00000,    2.00000,    1.00000,    2.00000,    1.00000,    1.00000,    2.00000,    2.00000,    1.00000
 0.300;      Kx_gcn;    1.00000,    2.00000,    3.00000,    2.00000,    2.00000,    1.00000,    1.00000,    2.00000,    2.00000,    1.00000
 0.300;       αx_lp;    0.99900,    0.99900,    0.99900,    0.99900,    0.99900,    0.99900,    0.99900,    0.99900,    0.99900,    0.99900
 0.300;      αx_lgc;    0.10000,    0.00000,    0.00000,    0.00000,    0.40000,    0.00000,    0.10000,    0.00000,    0.40000,    0.10000
 0.300;    αx_lgcrp;    0.40000,    0.40000,    0.60000,    0.30000,    0.60000,    0.30000,    0.40000,    0.50000,    0.80000,    0.40000
 0.300;    αx_sgcrp;    0.90000,    0.90000,    0.95000,    0.95000,    0.90000,    0.90000,    0.90000,    0.90000,    0.95000,    0.99000
 0.300;    αx_gcnrp;    0.80000,    0.70000,    0.90000,    0.50000,    0.85000,    0.80000,    0.80000,    0.40000,    0.95000,    0.99000
 0.400;       vi_ll;    0.36695,    0.36138,    0.36323,    0.36943,    0.36890,    0.36728,    0.36455,    0.36394,    0.36681,    0.35675
 0.400;       vi_ff;    0.55503,    0.55414,    0.55555,    0.55319,    0.55822,    0.55173,    0.55310,    0.55372,    0.55219,    0.55105
 0.400;       vi_fl;    0.56325,    0.56233,    0.56380,    0.56202,    0.56641,    0.56045,    0.56171,    0.56207,    0.56065,    0.55922
 0.400;       ac_lr;    0.71874,    0.71500,    0.72349,    0.74605,    0.76789,    0.73619,    0.73026,    0.75820,    0.77086,    0.72243
 0.400;      ac_sgc;    0.65634,    0.68267,    0.68236,    0.66660,    0.62813,    0.66909,    0.68558,    0.69524,    0.69732,    0.66004
 0.400;      ac_gcn;    0.69212,    0.73225,    0.70961,    0.72121,    0.70290,    0.70361,    0.72622,    0.72348,    0.73513,    0.74088
 0.400;       ac_lp;    0.65938,    0.69609,    0.61557,    0.69408,    0.67136,    0.66394,    0.69461,    0.67072,    0.69097,    0.69834
 0.400;      ac_lgc;    0.71861,    0.71500,    0.72349,    0.74660,    0.75458,    0.73619,    0.73210,    0.75820,    0.77089,    0.72243
 0.400;    ac_lgcrp;    0.74824,    0.75075,    0.72789,    0.78886,    0.75370,    0.75221,    0.78944,    0.78847,    0.79818,    0.75851
 0.400;    ac_sgcrp;    0.71846,    0.74094,    0.70006,    0.74716,    0.71801,    0.72170,    0.74823,    0.75964,    0.75279,    0.75395
 0.400;    ac_gcnrp;    0.71933,    0.74889,    0.70211,    0.73872,    0.72751,    0.72493,    0.74958,    0.74783,    0.74619,    0.76822
 0.400;      Kx_sgc;    1.00000,    1.00000,    1.00000,    1.00000,    2.00000,    1.00000,    1.00000,    1.00000,    1.00000,    1.00000
 0.400;      Kx_gcn;    1.00000,    2.00000,    2.00000,    2.00000,    2.00000,    2.00000,    1.00000,    2.00000,    3.00000,    1.00000
 0.400;       αx_lp;    0.99900,    0.99900,    0.99900,    0.99900,    0.99900,    0.99900,    0.99900,    0.99900,    0.99900,    0.99900
 0.400;      αx_lgc;    0.10000,    0.00000,    0.00000,    0.10000,    0.30000,    0.00000,    0.10000,    0.00000,    0.30000,    0.00000
 0.400;    αx_lgcrp;    0.50000,    0.40000,    0.70000,    0.50000,    0.60000,    0.70000,    0.50000,    0.40000,    0.70000,    0.30000
 0.400;    αx_sgcrp;    0.90000,    0.85000,    0.99000,    0.90000,    0.90000,    0.95000,    0.90000,    0.90000,    0.99000,    0.99900
 0.400;    αx_gcnrp;    0.80000,    0.60000,    0.90000,    0.50000,    0.80000,    0.90000,    0.70000,    0.60000,    0.80000,    0.99900
 0.500;       vi_ll;    0.38153,    0.38038,    0.38186,    0.38469,    0.39074,    0.37956,    0.37851,    0.38450,    0.38238,    0.37966
 0.500;       vi_ff;    0.55372,    0.55427,    0.55464,    0.55232,    0.55748,    0.55134,    0.55430,    0.55449,    0.55143,    0.54920
 0.500;       vi_fl;    0.56381,    0.56438,    0.56485,    0.56297,    0.56792,    0.56153,    0.56441,    0.56469,    0.56172,    0.55964
 0.500;       ac_lr;    0.71535,    0.70603,    0.74896,    0.75606,    0.77713,    0.72520,    0.76464,    0.75082,    0.75886,    0.72895
 0.500;      ac_sgc;    0.65801,    0.67225,    0.67943,    0.66866,    0.70235,    0.68061,    0.70014,    0.68072,    0.67959,    0.65659
 0.500;      ac_gcn;    0.71621,    0.73685,    0.71989,    0.70767,    0.74824,    0.72228,    0.73306,    0.73757,    0.73492,    0.72688
 0.500;       ac_lp;    0.67586,    0.70853,    0.64996,    0.70916,    0.69900,    0.68996,    0.73643,    0.69009,    0.68657,    0.73266
 0.500;      ac_lgc;    0.68638,    0.70603,    0.74896,    0.75615,    0.77713,    0.72547,    0.76490,    0.75082,    0.75124,    0.72895
 0.500;    ac_lgcrp;    0.77044,    0.78112,    0.77395,    0.79393,    0.80693,    0.77507,    0.81281,    0.79127,    0.78924,    0.78237
 0.500;    ac_sgcrp;    0.73656,    0.74260,    0.72982,    0.74902,    0.75449,    0.75250,    0.77167,    0.75057,    0.73884,    0.76986
 0.500;    ac_gcnrp;    0.74999,    0.75941,    0.72251,    0.73784,    0.75563,    0.75029,    0.77284,    0.76054,    0.75258,    0.77582
 0.500;      Kx_sgc;    1.00000,    1.00000,    1.00000,    1.00000,    1.00000,    1.00000,    1.00000,    1.00000,    1.00000,    1.00000
 0.500;      Kx_gcn;    2.00000,    2.00000,    2.00000,    2.00000,    1.00000,    2.00000,    1.00000,    2.00000,    2.00000,    1.00000
 0.500;       αx_lp;    0.99900,    0.99900,    0.99900,    0.99900,    0.99900,    0.99900,    0.99900,    0.99900,    0.99900,    0.99900
 0.500;      αx_lgc;    0.10000,    0.00000,    0.00000,    0.10000,    0.00000,    0.20000,    0.10000,    0.00000,    0.30000,    0.00000
 0.500;    αx_lgcrp;    0.60000,    0.60000,    0.60000,    0.50000,    0.60000,    0.70000,    0.50000,    0.60000,    0.70000,    0.40000
 0.500;    αx_sgcrp;    0.90000,    0.90000,    0.95000,    0.90000,    0.90000,    0.95000,    0.85000,    0.90000,    0.90000,    0.95000
 0.500;    αx_gcnrp;    0.80000,    0.80000,    0.90000,    0.60000,    0.85000,    0.85000,    0.80000,    0.70000,    0.90000,    0.85000
 0.600;       vi_ll;    0.40094,    0.39758,    0.39318,    0.39317,    0.40353,    0.39395,    0.39927,    0.39984,    0.39066,    0.39446
 0.600;       vi_ff;    0.55530,    0.55598,    0.55386,    0.54948,    0.55734,    0.54900,    0.55461,    0.55505,    0.55027,    0.54983
 0.600;       vi_fl;    0.56729,    0.56785,    0.56573,    0.56170,    0.56923,    0.56121,    0.56705,    0.56708,    0.56192,    0.56219
 0.600;       ac_lr;    0.72135,    0.74257,    0.74467,    0.74786,    0.78436,    0.73488,    0.75989,    0.74762,    0.76239,    0.73924
 0.600;      ac_sgc;    0.66565,    0.67675,    0.67528,    0.65351,    0.73018,    0.67599,    0.70115,    0.68761,    0.67645,    0.67282
 0.600;      ac_gcn;    0.71390,    0.75422,    0.70335,    0.69576,    0.76337,    0.72668,    0.73901,    0.74373,    0.73370,    0.74785
 0.600;       ac_lp;    0.68054,    0.72904,    0.65950,    0.71420,    0.74078,    0.73901,    0.75518,    0.71475,    0.68476,    0.71527
 0.600;      ac_lgc;    0.72108,    0.74222,    0.74316,    0.74697,    0.78460,    0.73265,    0.76133,    0.74762,    0.75504,    0.74023
 0.600;    ac_lgcrp;    0.78415,    0.80633,    0.77946,    0.79371,    0.83091,    0.78383,    0.82818,    0.80877,    0.79077,    0.80002
 0.600;    ac_sgcrp;    0.73204,    0.75921,    0.72918,    0.74504,    0.79248,    0.77116,    0.77940,    0.76628,    0.73588,    0.74505
 0.600;    ac_gcnrp;    0.74333,    0.77757,    0.72154,    0.73608,    0.78422,    0.77284,    0.78053,    0.77350,    0.75767,    0.76768
 0.600;      Kx_sgc;    1.00000,    1.00000,    1.00000,    1.00000,    1.00000,    1.00000,    1.00000,    1.00000,    1.00000,    1.00000
 0.600;      Kx_gcn;    2.00000,    2.00000,    2.00000,    2.00000,    1.00000,    2.00000,    1.00000,    2.00000,    2.00000,    2.00000
 0.600;       αx_lp;    0.99900,    0.99900,    0.99900,    0.99900,    0.99900,    0.99900,    0.99900,    0.99900,    0.99900,    0.99900
 0.600;      αx_lgc;    0.10000,    0.30000,    0.10000,    0.20000,    0.20000,    0.20000,    0.20000,    0.00000,    0.30000,    0.10000
 0.600;    αx_lgcrp;    0.60000,    0.60000,    0.60000,    0.60000,    0.60000,    0.60000,    0.60000,    0.60000,    0.70000,    0.60000
 0.600;    αx_sgcrp;    0.95000,    0.85000,    0.90000,    0.90000,    0.90000,    0.90000,    0.85000,    0.85000,    0.95000,    0.99000
 0.600;    αx_gcnrp;    0.85000,    0.70000,    0.70000,    0.70000,    0.85000,    0.80000,    0.70000,    0.60000,    0.80000,    0.95000
