 0.100;       ac_lr;    0.49131,    0.49541,    0.47457,    0.47918,    0.45689,    0.46257,    0.46755,    0.47681,    0.45703,    0.52018
 0.100;      ac_sgc;    0.12368,    0.14503,    0.16206,    0.16418,    0.11544,   -0.07337,    0.12104,    0.15707,    0.16397,    0.20783
 0.100;      ac_gcn;    0.14514,    0.18696,    0.19632,    0.17892,    0.13372,    0.12376,    0.20644,    0.22930,    0.18657,    0.22903
 0.100;       ac_lp;    0.00434,    0.03970,    0.03463,    0.02577,    0.02577,    0.04749,    0.04841,    0.05570,    0.01848,    0.03047
 0.100;      ac_lgc;    0.49395,    0.53402,    0.48888,    0.51727,    0.47852,    0.50870,    0.49638,    0.50108,    0.48380,    0.52463
 0.100;    ac_lgcrp;    0.49374,    0.53425,    0.48967,    0.52697,    0.48967,    0.50929,    0.49935,    0.50278,    0.48462,    0.52503
 0.100;    ac_sgcrp;    0.12245,    0.14721,    0.17128,    0.18779,    0.11544,   -0.04660,    0.12104,    0.15707,    0.16895,    0.20783
 0.100;    ac_gcnrp;    0.14774,    0.18712,    0.19910,    0.18397,    0.13372,    0.12376,    0.20703,    0.23054,    0.18803,    0.23033
 0.100;      Kx_sgc;    2.00000,    1.00000,    1.00000,    2.00000,    3.00000,    2.00000,    2.00000,    1.00000,    2.00000,    2.00000
 0.100;      Kx_gcn;    2.00000,    3.00000,    2.00000,    2.00000,    3.00000,    2.00000,    2.00000,    2.00000,    2.00000,    2.00000
 0.100;       αx_lp;    0.99900,    0.95000,    0.99900,    0.99000,    0.99900,    0.99900,    0.99900,    0.99900,    0.99900,    0.99900
 0.100;      αx_lgc;    0.70000,    0.90000,    0.85000,    0.95000,    0.95000,    0.60000,    0.60000,    0.60000,    0.50000,    0.95000
 0.100;    αx_lgcrp;    0.70000,    0.90000,    0.85000,    0.95000,    0.95000,    0.60000,    0.60000,    0.60000,    0.50000,    0.95000
 0.100;    αx_sgcrp;    0.80000,    0.95000,    0.99000,    0.90000,    0.00000,    0.99900,    0.00000,    0.00000,    0.99900,    0.00000
 0.100;    αx_gcnrp;    0.80000,    0.10000,    0.99900,    0.95000,    0.00000,    0.00000,    0.99900,    0.20000,    0.99900,    0.99900
 0.200;       ac_lr;    0.53665,    0.55007,    0.56477,    0.54628,    0.53968,    0.49517,    0.55479,    0.55059,    0.54692,    0.53843
 0.200;      ac_sgc;    0.18182,    0.23617,    0.17343,    0.17292,    0.21861,    0.17303,    0.20416,    0.21123,    0.19596,    0.20614
 0.200;      ac_gcn;    0.20500,    0.25535,    0.24031,    0.24152,    0.20641,    0.21462,    0.26416,    0.27718,    0.23864,    0.26865
 0.200;       ac_lp;    0.04678,    0.07277,    0.07243,    0.07222,    0.05449,    0.07291,    0.07332,    0.05607,    0.05613,    0.07212
 0.200;      ac_lgc;    0.55137,    0.56247,    0.57744,    0.57312,    0.57158,    0.51476,    0.55516,    0.57457,    0.57624,    0.55396
 0.200;    ac_lgcrp;    0.55457,    0.56322,    0.57117,    0.57501,    0.57122,    0.51585,    0.56679,    0.57780,    0.57851,    0.53797
 0.200;    ac_sgcrp;    0.18204,    0.23712,    0.19795,    0.18469,    0.22007,    0.17303,    0.20416,    0.21805,    0.19596,    0.22849
 0.200;    ac_gcnrp;    0.20876,    0.26271,    0.23972,    0.27471,    0.21502,    0.21462,    0.26416,    0.27899,    0.23864,    0.26596
 0.200;      Kx_sgc;    1.00000,    1.00000,    2.00000,    1.00000,    1.00000,    1.00000,    2.00000,    1.00000,    1.00000,    2.00000
 0.200;      Kx_gcn;    2.00000,    1.00000,    2.00000,    2.00000,    2.00000,    1.00000,    2.00000,    2.00000,    2.00000,    2.00000
 0.200;       αx_lp;    0.99900,    0.99900,    0.99900,    0.99900,    0.99900,    0.99900,    0.99900,    0.99900,    0.99900,    0.99900
 0.200;      αx_lgc;    0.60000,    0.20000,    0.90000,    0.50000,    0.85000,    0.40000,    0.95000,    0.60000,    0.50000,    0.70000
 0.200;    αx_lgcrp;    0.60000,    0.20000,    0.90000,    0.50000,    0.85000,    0.40000,    0.90000,    0.60000,    0.50000,    0.90000
 0.200;    αx_sgcrp;    0.95000,    0.95000,    0.70000,    0.99000,    0.99900,    0.00000,    0.00000,    0.90000,    0.00000,    0.95000
 0.200;    αx_gcnrp;    0.70000,    0.99900,    0.10000,    0.99900,    0.95000,    0.00000,    0.00000,    0.60000,    0.00000,    0.80000
 0.300;       ac_lr;    0.57510,    0.56596,    0.59341,    0.56912,    0.57927,    0.56155,    0.59796,    0.57457,    0.55605,    0.58801
 0.300;      ac_sgc;    0.23784,    0.24159,    0.24290,    0.19033,    0.21718,    0.20788,    0.22899,    0.24814,    0.22983,    0.22958
 0.300;      ac_gcn;    0.20436,    0.27789,    0.27159,    0.25190,    0.26904,    0.28240,    0.29771,    0.26070,    0.24131,    0.24693
 0.300;       ac_lp;    0.07019,    0.08261,    0.09455,    0.08393,    0.08366,    0.08904,    0.09084,    0.06554,    0.06552,    0.09322
 0.300;      ac_lgc;    0.58477,    0.59994,    0.60114,    0.58680,    0.59776,    0.58651,    0.60843,    0.58704,    0.60110,    0.59886
 0.300;    ac_lgcrp;    0.58760,    0.58994,    0.59918,    0.59071,    0.59904,    0.58530,    0.61167,    0.58848,    0.60253,    0.59611
 0.300;    ac_sgcrp;    0.23784,    0.24159,    0.24453,    0.19033,    0.21718,    0.20788,    0.22899,    0.24814,    0.22983,    0.23747
 0.300;    ac_gcnrp;    0.21646,    0.27789,    0.27159,    0.25190,    0.27011,    0.28240,    0.29771,    0.26070,    0.24131,    0.25430
 0.300;      Kx_sgc;    1.00000,    1.00000,    2.00000,    2.00000,    1.00000,    1.00000,    2.00000,    1.00000,    1.00000,    2.00000
 0.300;      Kx_gcn;    2.00000,    2.00000,    2.00000,    2.00000,    2.00000,    2.00000,    2.00000,    1.00000,    1.00000,    2.00000
 0.300;       αx_lp;    0.99900,    0.99900,    0.99900,    0.99900,    0.99900,    0.99900,    0.99900,    0.99900,    0.99900,    0.99900
 0.300;      αx_lgc;    0.70000,    0.50000,    0.80000,    0.50000,    0.50000,    0.50000,    0.70000,    0.50000,    0.70000,    0.70000
 0.300;    αx_lgcrp;    0.70000,    0.40000,    0.80000,    0.50000,    0.50000,    0.40000,    0.70000,    0.50000,    0.70000,    0.80000
 0.300;    αx_sgcrp;    0.00000,    0.00000,    0.80000,    0.00000,    0.00000,    0.00000,    0.00000,    0.00000,    0.00000,    0.99900
 0.300;    αx_gcnrp;    0.90000,    0.00000,    0.00000,    0.00000,    0.20000,    0.00000,    0.00000,    0.00000,    0.00000,    0.95000
 0.400;       ac_lr;    0.60264,    0.59164,    0.58155,    0.59068,    0.58717,    0.55509,    0.59818,    0.60209,    0.60111,    0.59766
 0.400;      ac_sgc;    0.23500,    0.25447,    0.24457,    0.23978,    0.27113,    0.23383,    0.25259,    0.26017,    0.25714,    0.22296
 0.400;      ac_gcn;    0.26152,    0.26225,    0.26756,    0.25997,    0.26862,    0.25760,    0.29968,    0.30530,    0.26187,    0.26088
 0.400;       ac_lp;    0.09121,    0.09623,    0.10206,    0.10098,    0.09620,    0.09485,    0.10678,    0.06942,    0.08497,    0.11339
 0.400;      ac_lgc;    0.60989,    0.60817,    0.59063,    0.59772,    0.59833,    0.57194,    0.60849,    0.61049,    0.61482,    0.60457
 0.400;    ac_lgcrp;    0.61233,    0.60985,    0.58971,    0.60060,    0.60084,    0.57458,    0.61373,    0.61313,    0.61779,    0.60946
 0.400;    ac_sgcrp;    0.24532,    0.25447,    0.24457,    0.23547,    0.27113,    0.23383,    0.25259,    0.26677,    0.25714,    0.22296
 0.400;    ac_gcnrp;    0.26927,    0.26225,    0.26756,    0.25944,    0.26862,    0.25760,    0.30216,    0.30056,    0.26846,    0.27680
 0.400;      Kx_sgc;    2.00000,    1.00000,    1.00000,    2.00000,    1.00000,    1.00000,    1.00000,    2.00000,    1.00000,    1.00000
 0.400;      Kx_gcn;    2.00000,    1.00000,    2.00000,    2.00000,    1.00000,    2.00000,    2.00000,    2.00000,    2.00000,    2.00000
 0.400;       αx_lp;    0.99900,    0.99900,    0.99900,    0.99900,    0.99900,    0.99900,    0.99900,    0.99900,    0.99900,    0.99900
 0.400;      αx_lgc;    0.60000,    0.40000,    0.70000,    0.60000,    0.70000,    0.60000,    0.70000,    0.60000,    0.60000,    0.70000
 0.400;    αx_lgcrp;    0.60000,    0.50000,    0.60000,    0.50000,    0.60000,    0.60000,    0.60000,    0.50000,    0.60000,    0.70000
 0.400;    αx_sgcrp;    0.50000,    0.00000,    0.00000,    0.80000,    0.00000,    0.00000,    0.00000,    0.85000,    0.00000,    0.00000
 0.400;    αx_gcnrp;    0.40000,    0.00000,    0.00000,    0.10000,    0.00000,    0.00000,    0.60000,    0.95000,    0.85000,    0.60000
 0.500;       ac_lr;    0.59582,    0.58759,    0.60201,    0.55824,    0.61953,    0.53071,    0.60183,    0.59752,    0.59612,    0.58545
 0.500;      ac_sgc;    0.24139,    0.27456,    0.23125,    0.25180,    0.25944,    0.23894,    0.26647,    0.26730,    0.24933,    0.26663
 0.500;      ac_gcn;    0.28371,    0.29761,    0.26575,    0.26249,    0.25468,    0.26619,    0.30314,    0.28426,    0.26334,    0.27514
 0.500;       ac_lp;    0.09323,    0.10554,    0.10488,    0.10129,    0.09735,    0.10773,    0.11751,    0.09322,    0.09181,    0.11925
 0.500;      ac_lgc;    0.60810,    0.60754,    0.59406,    0.57369,    0.62739,    0.56629,    0.61848,    0.60694,    0.61788,    0.60202
 0.500;    ac_lgcrp;    0.61108,    0.60737,    0.60505,    0.57799,    0.63024,    0.56896,    0.62112,    0.60759,    0.62148,    0.60447
 0.500;    ac_sgcrp;    0.24360,    0.27456,    0.23125,    0.24407,    0.25944,    0.23894,    0.26647,    0.26730,    0.24544,    0.26663
 0.500;    ac_gcnrp;    0.28891,    0.28962,    0.26575,    0.26249,    0.25468,    0.26619,    0.30314,    0.28270,    0.25792,    0.27856
 0.500;      Kx_sgc;    2.00000,    1.00000,    1.00000,    1.00000,    1.00000,    1.00000,    1.00000,    1.00000,    1.00000,    1.00000
 0.500;      Kx_gcn;    2.00000,    2.00000,    2.00000,    1.00000,    1.00000,    1.00000,    2.00000,    2.00000,    1.00000,    2.00000
 0.500;       αx_lp;    0.99900,    0.99900,    0.99900,    0.99900,    0.99900,    0.99900,    0.99900,    0.99900,    0.99900,    0.99900
 0.500;      αx_lgc;    0.60000,    0.50000,    0.70000,    0.50000,    0.70000,    0.50000,    0.60000,    0.60000,    0.50000,    0.60000
 0.500;    αx_lgcrp;    0.60000,    0.60000,    0.60000,    0.50000,    0.60000,    0.50000,    0.60000,    0.60000,    0.60000,    0.60000
 0.500;    αx_sgcrp;    0.99900,    0.00000,    0.00000,    0.40000,    0.00000,    0.00000,    0.00000,    0.00000,    0.60000,    0.00000
 0.500;    αx_gcnrp;    0.95000,    0.80000,    0.00000,    0.00000,    0.00000,    0.00000,    0.00000,    0.30000,    0.70000,    0.80000
 0.600;       ac_lr;    0.58368,    0.58033,    0.61181,    0.56098,    0.61445,    0.55719,    0.62920,    0.60029,    0.60328,    0.59491
 0.600;      ac_sgc;    0.27128,    0.27114,    0.23435,    0.27406,    0.26427,    0.20836,    0.25815,    0.23844,    0.27481,    0.27640
 0.600;      ac_gcn;    0.29817,    0.29520,    0.24284,    0.28058,    0.28252,    0.25844,    0.31962,    0.29088,    0.30985,    0.31576
 0.600;       ac_lp;    0.09187,    0.08629,    0.11130,    0.11329,    0.09809,    0.09905,    0.12841,    0.09043,    0.08550,    0.12303
 0.600;      ac_lgc;    0.59947,    0.59624,    0.61167,    0.57922,    0.61836,    0.57784,    0.63847,    0.61681,    0.62025,    0.60906
 0.600;    ac_lgcrp;    0.60094,    0.59468,    0.61409,    0.58161,    0.61760,    0.58028,    0.64168,    0.61640,    0.62382,    0.61427
 0.600;    ac_sgcrp;    0.26814,    0.27114,    0.23435,    0.27406,    0.26191,    0.20836,    0.25815,    0.23844,    0.27481,    0.27640
 0.600;    ac_gcnrp;    0.30003,    0.29520,    0.24284,    0.28058,    0.27995,    0.25844,    0.31820,    0.29088,    0.30116,    0.31576
 0.600;      Kx_sgc;    2.00000,    1.00000,    1.00000,    1.00000,    1.00000,    2.00000,    1.00000,    1.00000,    1.00000,    1.00000
 0.600;      Kx_gcn;    2.00000,    1.00000,    2.00000,    2.00000,    2.00000,    2.00000,    2.00000,    2.00000,    2.00000,    2.00000
 0.600;       αx_lp;    0.99900,    0.99900,    0.99900,    0.99900,    0.99900,    0.99900,    0.99900,    0.99900,    0.99900,    0.99900
 0.600;      αx_lgc;    0.70000,    0.60000,    0.70000,    0.40000,    0.60000,    0.50000,    0.40000,    0.60000,    0.70000,    0.70000
 0.600;    αx_lgcrp;    0.70000,    0.60000,    0.60000,    0.40000,    0.60000,    0.50000,    0.50000,    0.60000,    0.70000,    0.60000
 0.600;    αx_sgcrp;    0.60000,    0.00000,    0.00000,    0.00000,    0.60000,    0.00000,    0.00000,    0.00000,    0.00000,    0.00000
 0.600;    αx_gcnrp;    0.60000,    0.00000,    0.00000,    0.00000,    0.40000,    0.00000,    0.10000,    0.00000,    0.85000,    0.00000
