 0.100;       vi_ll;    0.07645,    0.07654,    0.07587,    0.07654,    0.07404,    0.07688,    0.07699,    0.07589,    0.07461,    0.07689
 0.100;       vi_ff;    0.56169,    0.56194,    0.56184,    0.56197,    0.56194,    0.56179,    0.56154,    0.56179,    0.56187,    0.56144
 0.100;       vi_fl;    0.56169,    0.56194,    0.56184,    0.56197,    0.56194,    0.56179,    0.56154,    0.56179,    0.56187,    0.56144
 0.100;       ac_lr;    0.69848,    0.69283,    0.69472,    0.71152,    0.69500,    0.70083,    0.69491,    0.69091,    0.69935,    0.70778
 0.100;      ac_sgc;    0.42286,    0.41238,    0.42258,    0.41513,    0.40796,    0.40719,    0.42279,    0.39894,    0.42314,    0.40690
 0.100;      ac_gcn;    0.45741,    0.46133,    0.44591,    0.43816,    0.45290,    0.38262,    0.43478,    0.43213,    0.43499,    0.44403
 0.100;       ac_lp;    0.20451,    0.20567,    0.19684,    0.22323,    0.19116,    0.19727,    0.22727,    0.20974,    0.21935,    0.21084
 0.100;      ac_lgc;    0.69848,    0.69283,    0.69472,    0.71152,    0.69500,    0.70083,    0.69491,    0.69091,    0.69935,    0.70778
 0.100;    ac_lgcrp;    0.69848,    0.69283,    0.69472,    0.71152,    0.69500,    0.70083,    0.69491,    0.69091,    0.69935,    0.70778
 0.100;    ac_sgcrp;    0.44082,    0.41893,    0.42989,    0.42759,    0.41155,    0.41739,    0.42928,    0.42256,    0.44089,    0.41768
 0.100;    ac_gcnrp;    0.45648,    0.45601,    0.44872,    0.43816,    0.45104,    0.39351,    0.43478,    0.43792,    0.44602,    0.44752
 0.100;      Kx_sgc;    1.00000,    1.00000,    1.00000,    1.00000,    1.00000,    1.00000,    1.00000,    1.00000,    1.00000,    1.00000
 0.100;      Kx_gcn;    1.00000,    1.00000,    1.00000,    1.00000,    1.00000,    1.00000,    1.00000,    1.00000,    1.00000,    1.00000
 0.100;       αx_lp;    0.99900,    0.99900,    0.99000,    0.99900,    0.99900,    0.99900,    0.99000,    0.99000,    0.99900,    0.99900
 0.100;      αx_lgc;    0.00000,    0.00000,    0.00000,    0.00000,    0.00000,    0.00000,    0.00000,    0.00000,    0.00000,    0.00000
 0.100;    αx_lgcrp;    0.00000,    0.00000,    0.00000,    0.00000,    0.00000,    0.00000,    0.00000,    0.00000,    0.00000,    0.00000
 0.100;    αx_sgcrp;    0.95000,    0.90000,    0.50000,    0.90000,    0.90000,    0.95000,    0.40000,    0.90000,    0.90000,    0.70000
 0.100;    αx_gcnrp;    0.85000,    0.90000,    0.30000,    0.00000,    0.85000,    0.95000,    0.00000,    0.90000,    0.80000,    0.50000
 0.200;       vi_ll;    0.10118,    0.09968,    0.10062,    0.09993,    0.10069,    0.10061,    0.10074,    0.10012,    0.09974,    0.10040
 0.200;       vi_ff;    0.56194,    0.56124,    0.56171,    0.56210,    0.56219,    0.56146,    0.56137,    0.56209,    0.56168,    0.56194
 0.200;       vi_fl;    0.56194,    0.56124,    0.56171,    0.56210,    0.56219,    0.56146,    0.56137,    0.56209,    0.56168,    0.56194
 0.200;       ac_lr;    0.69743,    0.71618,    0.69934,    0.71163,    0.71055,    0.69966,    0.70655,    0.71156,    0.70288,    0.70688
 0.200;      ac_sgc;    0.42890,    0.42735,    0.43177,    0.42590,    0.42603,    0.43252,    0.42465,    0.41789,    0.42665,    0.40167
 0.200;      ac_gcn;    0.46424,    0.45885,    0.48100,    0.46623,    0.48099,    0.47575,    0.45217,    0.45132,    0.45819,    0.45881
 0.200;       ac_lp;    0.26248,    0.29280,    0.23731,    0.27625,    0.26523,    0.27767,    0.26526,    0.23555,    0.25387,    0.26543
 0.200;      ac_lgc;    0.69743,    0.71618,    0.69934,    0.71163,    0.71055,    0.69966,    0.70655,    0.71156,    0.70288,    0.70688
 0.200;    ac_lgcrp;    0.69743,    0.71618,    0.69934,    0.71163,    0.71055,    0.69966,    0.70655,    0.71156,    0.70288,    0.70688
 0.200;    ac_sgcrp;    0.44722,    0.45873,    0.45325,    0.45023,    0.45041,    0.45372,    0.43912,    0.43422,    0.45552,    0.42850
 0.200;    ac_gcnrp;    0.46910,    0.47463,    0.49046,    0.47394,    0.48765,    0.48302,    0.45675,    0.45286,    0.47369,    0.46811
 0.200;      Kx_sgc;    1.00000,    1.00000,    1.00000,    1.00000,    1.00000,    1.00000,    1.00000,    1.00000,    1.00000,    1.00000
 0.200;      Kx_gcn;    1.00000,    1.00000,    1.00000,    1.00000,    1.00000,    1.00000,    1.00000,    1.00000,    1.00000,    1.00000
 0.200;       αx_lp;    0.99900,    0.99000,    0.99000,    0.99000,    0.99900,    0.99900,    0.99000,    0.99900,    0.99000,    0.99000
 0.200;      αx_lgc;    0.00000,    0.00000,    0.00000,    0.00000,    0.00000,    0.00000,    0.00000,    0.00000,    0.00000,    0.00000
 0.200;    αx_lgcrp;    0.00000,    0.00000,    0.00000,    0.00000,    0.00000,    0.00000,    0.00000,    0.00000,    0.00000,    0.00000
 0.200;    αx_sgcrp;    0.80000,    0.85000,    0.90000,    0.80000,    0.90000,    0.80000,    0.90000,    0.90000,    0.85000,    0.80000
 0.200;    αx_gcnrp;    0.60000,    0.70000,    0.80000,    0.60000,    0.70000,    0.70000,    0.85000,    0.90000,    0.70000,    0.70000
 0.300;       vi_ll;    0.11502,    0.11381,    0.11461,    0.11494,    0.11446,    0.11433,    0.11392,    0.11484,    0.11420,    0.11531
 0.300;       vi_ff;    0.56197,    0.56152,    0.56211,    0.56246,    0.56176,    0.56165,    0.56111,    0.56184,    0.56163,    0.56204
 0.300;       vi_fl;    0.56197,    0.56152,    0.56211,    0.56246,    0.56176,    0.56165,    0.56111,    0.56184,    0.56163,    0.56204
 0.300;       ac_lr;    0.70511,    0.72297,    0.71639,    0.70564,    0.72534,    0.70665,    0.71962,    0.70521,    0.70087,    0.71285
 0.300;      ac_sgc;    0.43958,    0.43050,    0.44361,    0.42580,    0.44019,    0.42810,    0.43003,    0.43676,    0.41386,    0.41326
 0.300;      ac_gcn;    0.48167,    0.47317,    0.48077,    0.46530,    0.48617,    0.47727,    0.47307,    0.47573,    0.44735,    0.46562
 0.300;       ac_lp;    0.33042,    0.32864,    0.29103,    0.33460,    0.31026,    0.33414,    0.30890,    0.28191,    0.31419,    0.29684
 0.300;      ac_lgc;    0.70511,    0.72297,    0.71639,    0.70564,    0.72534,    0.70665,    0.71962,    0.70521,    0.70087,    0.71285
 0.300;    ac_lgcrp;    0.70511,    0.72297,    0.71639,    0.70564,    0.72534,    0.70665,    0.71962,    0.70521,    0.70087,    0.71285
 0.300;    ac_sgcrp;    0.47111,    0.46898,    0.46938,    0.46702,    0.47027,    0.46756,    0.45309,    0.45650,    0.45907,    0.43990
 0.300;    ac_gcnrp;    0.49260,    0.48811,    0.49218,    0.48627,    0.49796,    0.49167,    0.47912,    0.48332,    0.47578,    0.47224
 0.300;      Kx_sgc;    1.00000,    1.00000,    1.00000,    1.00000,    1.00000,    1.00000,    1.00000,    1.00000,    1.00000,    1.00000
 0.300;      Kx_gcn;    1.00000,    1.00000,    1.00000,    1.00000,    1.00000,    1.00000,    1.00000,    1.00000,    1.00000,    1.00000
 0.300;       αx_lp;    0.99900,    0.99000,    0.99000,    0.99900,    0.99900,    0.99000,    0.99900,    0.99900,    0.99900,    0.99900
 0.300;      αx_lgc;    0.00000,    0.00000,    0.00000,    0.00000,    0.00000,    0.00000,    0.00000,    0.00000,    0.00000,    0.00000
 0.300;    αx_lgcrp;    0.00000,    0.00000,    0.00000,    0.00000,    0.00000,    0.00000,    0.00000,    0.00000,    0.00000,    0.00000
 0.300;    αx_sgcrp;    0.80000,    0.80000,    0.85000,    0.80000,    0.90000,    0.80000,    0.85000,    0.80000,    0.85000,    0.90000
 0.300;    αx_gcnrp;    0.70000,    0.70000,    0.70000,    0.70000,    0.60000,    0.60000,    0.80000,    0.70000,    0.80000,    0.85000
 0.400;       vi_ll;    0.12487,    0.12295,    0.12525,    0.12392,    0.12378,    0.12437,    0.12113,    0.12387,    0.12380,    0.12460
 0.400;       vi_ff;    0.56232,    0.56108,    0.56264,    0.56198,    0.56152,    0.56191,    0.56021,    0.56149,    0.56183,    0.56186
 0.400;       vi_fl;    0.56232,    0.56108,    0.56264,    0.56198,    0.56152,    0.56191,    0.56021,    0.56149,    0.56183,    0.56186
 0.400;       ac_lr;    0.69935,    0.71693,    0.71747,    0.69429,    0.71854,    0.71385,    0.71225,    0.71813,    0.69168,    0.71813
 0.400;      ac_sgc;    0.43878,    0.42186,    0.43417,    0.42565,    0.43088,    0.42804,    0.42578,    0.44589,    0.43129,    0.42153
 0.400;      ac_gcn;    0.47711,    0.46711,    0.47374,    0.47287,    0.48177,    0.47826,    0.46949,    0.48975,    0.47466,    0.47056
 0.400;       ac_lp;    0.36114,    0.35754,    0.35140,    0.36562,    0.34174,    0.37035,    0.32547,    0.33772,    0.34850,    0.34025
 0.400;      ac_lgc;    0.69935,    0.71693,    0.71747,    0.69429,    0.71854,    0.71385,    0.71225,    0.71813,    0.69168,    0.71813
 0.400;    ac_lgcrp;    0.69935,    0.71693,    0.71747,    0.69429,    0.71854,    0.71385,    0.71225,    0.71813,    0.69168,    0.71813
 0.400;    ac_sgcrp;    0.47543,    0.46787,    0.47420,    0.47086,    0.46806,    0.47706,    0.45383,    0.47763,    0.47368,    0.45785
 0.400;    ac_gcnrp;    0.49441,    0.48746,    0.49456,    0.49310,    0.49518,    0.49939,    0.48215,    0.50534,    0.49759,    0.48403
 0.400;      Kx_sgc;    1.00000,    1.00000,    1.00000,    1.00000,    1.00000,    1.00000,    1.00000,    1.00000,    1.00000,    1.00000
 0.400;      Kx_gcn;    1.00000,    1.00000,    1.00000,    1.00000,    1.00000,    1.00000,    1.00000,    1.00000,    1.00000,    1.00000
 0.400;       αx_lp;    0.99900,    0.99900,    0.99900,    0.99900,    0.99900,    0.99900,    0.99900,    0.99900,    0.99900,    0.99900
 0.400;      αx_lgc;    0.00000,    0.00000,    0.00000,    0.00000,    0.00000,    0.00000,    0.00000,    0.00000,    0.00000,    0.00000
 0.400;    αx_lgcrp;    0.00000,    0.00000,    0.00000,    0.00000,    0.00000,    0.00000,    0.00000,    0.00000,    0.00000,    0.00000
 0.400;    αx_sgcrp;    0.85000,    0.85000,    0.90000,    0.85000,    0.80000,    0.80000,    0.80000,    0.80000,    0.85000,    0.85000
 0.400;    αx_gcnrp;    0.70000,    0.70000,    0.85000,    0.80000,    0.50000,    0.70000,    0.80000,    0.70000,    0.80000,    0.70000
 0.500;       vi_ll;    0.13249,    0.12924,    0.13261,    0.13029,    0.12885,    0.13114,    0.12775,    0.13120,    0.12934,    0.13236
 0.500;       vi_ff;    0.56267,    0.56050,    0.56258,    0.56163,    0.56057,    0.56178,    0.55987,    0.56164,    0.56100,    0.56244
 0.500;       vi_fl;    0.56267,    0.56050,    0.56258,    0.56163,    0.56057,    0.56178,    0.55987,    0.56164,    0.56100,    0.56244
 0.500;       ac_lr;    0.68133,    0.70023,    0.70521,    0.69736,    0.71318,    0.71998,    0.69921,    0.73561,    0.71529,    0.71131
 0.500;      ac_sgc;    0.41958,    0.40869,    0.42416,    0.42068,    0.43941,    0.44823,    0.43170,    0.45595,    0.42945,    0.42217
 0.500;      ac_gcn;    0.45894,    0.45488,    0.47060,    0.47536,    0.48541,    0.49869,    0.48450,    0.50874,    0.47337,    0.47368
 0.500;       ac_lp;    0.35721,    0.37368,    0.37490,    0.38646,    0.38710,    0.39402,    0.37737,    0.38625,    0.36646,    0.37373
 0.500;      ac_lgc;    0.68133,    0.70023,    0.70521,    0.69736,    0.71318,    0.71998,    0.69921,    0.73561,    0.71529,    0.71131
 0.500;    ac_lgcrp;    0.68133,    0.70023,    0.70521,    0.69736,    0.71318,    0.71998,    0.69921,    0.73561,    0.71529,    0.71131
 0.500;    ac_sgcrp;    0.45865,    0.46561,    0.47223,    0.47693,    0.48805,    0.49292,    0.47398,    0.49155,    0.47803,    0.46434
 0.500;    ac_gcnrp;    0.47613,    0.47911,    0.48855,    0.49816,    0.50527,    0.51753,    0.50248,    0.52329,    0.49938,    0.48940
 0.500;      Kx_sgc;    1.00000,    1.00000,    1.00000,    1.00000,    1.00000,    1.00000,    1.00000,    1.00000,    1.00000,    1.00000
 0.500;      Kx_gcn;    1.00000,    1.00000,    1.00000,    1.00000,    1.00000,    1.00000,    1.00000,    1.00000,    1.00000,    1.00000
 0.500;       αx_lp;    0.99900,    0.99900,    0.99900,    0.99900,    0.99900,    0.99900,    0.99900,    0.99900,    0.99900,    0.99900
 0.500;      αx_lgc;    0.00000,    0.00000,    0.00000,    0.00000,    0.00000,    0.00000,    0.00000,    0.00000,    0.00000,    0.00000
 0.500;    αx_lgcrp;    0.00000,    0.00000,    0.00000,    0.00000,    0.00000,    0.00000,    0.00000,    0.00000,    0.00000,    0.00000
 0.500;    αx_sgcrp;    0.90000,    0.85000,    0.90000,    0.95000,    0.85000,    0.85000,    0.80000,    0.90000,    0.85000,    0.90000
 0.500;    αx_gcnrp;    0.80000,    0.70000,    0.85000,    0.90000,    0.60000,    0.80000,    0.70000,    0.85000,    0.70000,    0.80000
 0.600;       vi_ll;    0.13755,    0.13430,    0.13734,    0.13647,    0.13449,    0.13621,    0.13217,    0.13726,    0.13518,    0.13873
 0.600;       vi_ff;    0.56239,    0.56049,    0.56201,    0.56207,    0.56059,    0.56164,    0.55917,    0.56192,    0.56119,    0.56280
 0.600;       vi_fl;    0.56239,    0.56049,    0.56201,    0.56207,    0.56059,    0.56164,    0.55917,    0.56192,    0.56119,    0.56280
 0.600;       ac_lr;    0.68411,    0.69663,    0.71822,    0.68656,    0.70647,    0.70858,    0.70163,    0.73646,    0.71454,    0.70603
 0.600;      ac_sgc;    0.42494,    0.39703,    0.43715,    0.42018,    0.43876,    0.43781,    0.41863,    0.45562,    0.43472,    0.38523
 0.600;      ac_gcn;    0.46289,    0.45045,    0.48067,    0.47480,    0.49435,    0.49161,    0.47219,    0.51092,    0.47741,    0.43074
 0.600;       ac_lp;    0.39371,    0.37215,    0.40239,    0.40315,    0.40075,    0.40922,    0.40224,    0.41413,    0.38396,    0.39006
 0.600;      ac_lgc;    0.68411,    0.69663,    0.71822,    0.68656,    0.70647,    0.70858,    0.70163,    0.73646,    0.71454,    0.70603
 0.600;    ac_lgcrp;    0.68411,    0.69663,    0.71822,    0.68656,    0.70647,    0.70858,    0.70163,    0.73646,    0.71454,    0.70603
 0.600;    ac_sgcrp;    0.47757,    0.44435,    0.48449,    0.48323,    0.49268,    0.49161,    0.47676,    0.50013,    0.48415,    0.44959
 0.600;    ac_gcnrp;    0.48844,    0.46338,    0.49974,    0.50363,    0.51506,    0.51541,    0.49825,    0.52860,    0.50440,    0.46156
 0.600;      Kx_sgc;    1.00000,    1.00000,    1.00000,    1.00000,    1.00000,    1.00000,    1.00000,    1.00000,    1.00000,    1.00000
 0.600;      Kx_gcn;    1.00000,    1.00000,    1.00000,    1.00000,    1.00000,    1.00000,    1.00000,    1.00000,    1.00000,    1.00000
 0.600;       αx_lp;    0.99900,    0.99900,    0.99900,    0.99900,    0.99900,    0.99900,    0.99900,    0.99900,    0.99900,    0.99900
 0.600;      αx_lgc;    0.00000,    0.00000,    0.00000,    0.00000,    0.00000,    0.00000,    0.00000,    0.00000,    0.00000,    0.00000
 0.600;    αx_lgcrp;    0.00000,    0.00000,    0.00000,    0.00000,    0.00000,    0.00000,    0.00000,    0.00000,    0.00000,    0.00000
 0.600;    αx_sgcrp;    0.85000,    0.90000,    0.90000,    0.85000,    0.85000,    0.85000,    0.85000,    0.85000,    0.90000,    0.85000
 0.600;    αx_gcnrp;    0.80000,    0.85000,    0.85000,    0.70000,    0.70000,    0.70000,    0.80000,    0.80000,    0.80000,    0.70000
