 0.100;       vi_ll;    0.30136,    0.30234,    0.29805,    0.30671,    0.30303,    0.29314,    0.29310,    0.30243,    0.29407,    0.29476
 0.100;       vi_ff;    0.61245,    0.61147,    0.61212,    0.61042,    0.61246,    0.61194,    0.61179,    0.61267,    0.61346,    0.61111
 0.100;       vi_fl;    0.61864,    0.61744,    0.61816,    0.61693,    0.61846,    0.61813,    0.61751,    0.61856,    0.61949,    0.61729
 0.100;       ac_lr;    0.68378,    0.68754,    0.67903,    0.69825,    0.69699,    0.64586,    0.62637,    0.70729,    0.59398,    0.69177
 0.100;      ac_sgc;    0.72060,    0.69586,    0.67165,    0.72364,    0.70846,    0.69570,    0.69923,    0.76272,    0.70036,    0.72314
 0.100;      ac_gcn;    0.72442,    0.67295,    0.69245,    0.71817,    0.72483,    0.70905,    0.72633,    0.75395,    0.68594,    0.70029
 0.100;       ac_lp;    0.48469,    0.52802,    0.49111,    0.46152,    0.53845,    0.56831,    0.59195,    0.48786,    0.53426,    0.46634
 0.100;      ac_lgc;    0.78016,    0.76730,    0.72533,    0.78808,    0.78090,    0.77163,    0.76541,    0.81575,    0.77063,    0.78075
 0.100;    ac_lgcrp;    0.79436,    0.78598,    0.76103,    0.80562,    0.81198,    0.78097,    0.78599,    0.84365,    0.78889,    0.81184
 0.100;    ac_sgcrp;    0.72060,    0.72880,    0.71981,    0.75290,    0.74636,    0.69570,    0.74056,    0.80654,    0.73987,    0.76928
 0.100;    ac_gcnrp;    0.72442,    0.73595,    0.74667,    0.73248,    0.71830,    0.70905,    0.74287,    0.77130,    0.70375,    0.72652
 0.100;      Kx_sgc;    1.00000,    1.00000,    1.00000,    3.00000,    3.00000,    1.00000,    2.00000,    2.00000,    1.00000,    2.00000
 0.100;      Kx_gcn;    1.00000,    1.00000,    1.00000,    2.00000,    3.00000,    2.00000,    2.00000,    3.00000,    2.00000,    2.00000
 0.100;       αx_lp;    0.99900,    0.99900,    0.99900,    0.99900,    0.99900,    0.99900,    0.99900,    0.99900,    0.99900,    0.99000
 0.100;      αx_lgc;    0.80000,    0.60000,    0.50000,    0.60000,    0.90000,    0.60000,    0.85000,    0.85000,    0.70000,    0.70000
 0.100;    αx_lgcrp;    0.80000,    0.60000,    0.60000,    0.60000,    0.90000,    0.60000,    0.90000,    0.85000,    0.70000,    0.80000
 0.100;    αx_sgcrp;    0.00000,    0.80000,    0.99900,    0.90000,    0.99000,    0.00000,    0.95000,    0.95000,    0.99000,    0.95000
 0.100;    αx_gcnrp;    0.00000,    0.95000,    0.99900,    0.95000,    0.99000,    0.00000,    0.85000,    0.95000,    0.90000,    0.95000
 0.200;       vi_ll;    0.37589,    0.38571,    0.37618,    0.38096,    0.38075,    0.38716,    0.36826,    0.38084,    0.38949,    0.38543
 0.200;       vi_ff;    0.61196,    0.61202,    0.61263,    0.61040,    0.61341,    0.61142,    0.61042,    0.61125,    0.61264,    0.61159
 0.200;       vi_fl;    0.62271,    0.62377,    0.62398,    0.62213,    0.62464,    0.62347,    0.62151,    0.62272,    0.62437,    0.62336
 0.200;       ac_lr;    0.70715,    0.72656,    0.70326,    0.70566,    0.69506,    0.69034,    0.71857,    0.70659,    0.70742,    0.67573
 0.200;      ac_sgc;    0.72840,    0.75452,    0.76221,    0.71173,    0.74521,    0.74681,    0.74365,    0.74861,    0.71163,    0.73611
 0.200;      ac_gcn;    0.74289,    0.77987,    0.79599,    0.75502,    0.78596,    0.77960,    0.75050,    0.74965,    0.75373,    0.77821
 0.200;       ac_lp;    0.67472,    0.69399,    0.64774,    0.63501,    0.61508,    0.66267,    0.68756,    0.60046,    0.66063,    0.64878
 0.200;      ac_lgc;    0.80051,    0.80922,    0.81557,    0.80564,    0.81244,    0.77711,    0.79244,    0.80198,    0.78966,    0.79824
 0.200;    ac_lgcrp;    0.83432,    0.85797,    0.86015,    0.84194,    0.85723,    0.83156,    0.85770,    0.85918,    0.83274,    0.84353
 0.200;    ac_sgcrp;    0.78549,    0.81533,    0.81894,    0.76499,    0.80677,    0.80164,    0.81110,    0.80775,    0.76313,    0.81496
 0.200;    ac_gcnrp;    0.78524,    0.81465,    0.81182,    0.78833,    0.80845,    0.81676,    0.77954,    0.77585,    0.76993,    0.81807
 0.200;      Kx_sgc;    2.00000,    2.00000,    2.00000,    3.00000,    2.00000,    2.00000,    2.00000,    2.00000,    3.00000,    1.00000
 0.200;      Kx_gcn;    2.00000,    2.00000,    3.00000,    2.00000,    2.00000,    2.00000,    3.00000,    3.00000,    3.00000,    2.00000
 0.200;       αx_lp;    0.99900,    0.99900,    0.99900,    0.99900,    0.99900,    0.99900,    0.99900,    0.99900,    0.99900,    0.99900
 0.200;      αx_lgc;    0.90000,    0.70000,    0.85000,    0.80000,    0.85000,    0.70000,    0.90000,    0.60000,    0.85000,    0.70000
 0.200;    αx_lgcrp;    0.85000,    0.80000,    0.85000,    0.80000,    0.85000,    0.70000,    0.80000,    0.80000,    0.85000,    0.80000
 0.200;    αx_sgcrp;    0.90000,    0.95000,    0.99900,    0.95000,    0.95000,    0.85000,    0.95000,    0.99900,    0.99000,    0.99900
 0.200;    αx_gcnrp;    0.90000,    0.95000,    0.99900,    0.95000,    0.80000,    0.90000,    0.85000,    0.99900,    0.90000,    0.99000
 0.300;       vi_ll;    0.42903,    0.42434,    0.42599,    0.42800,    0.42412,    0.42479,    0.42550,    0.42963,    0.43509,    0.42235
 0.300;       vi_ff;    0.61254,    0.61121,    0.61395,    0.61170,    0.61503,    0.61116,    0.61125,    0.61265,    0.61143,    0.60906
 0.300;       vi_fl;    0.62872,    0.62743,    0.63006,    0.62861,    0.63078,    0.62768,    0.62776,    0.62930,    0.62846,    0.62586
 0.300;       ac_lr;    0.71525,    0.70295,    0.70505,    0.70295,    0.72058,    0.72684,    0.72156,    0.71297,    0.69357,    0.71221
 0.300;      ac_sgc;    0.71931,    0.74444,    0.73825,    0.72597,    0.76590,    0.76617,    0.77169,    0.78153,    0.75103,    0.76036
 0.300;      ac_gcn;    0.76510,    0.77308,    0.77824,    0.76402,    0.78223,    0.80251,    0.78590,    0.80052,    0.77824,    0.78862
 0.300;       ac_lp;    0.71716,    0.71283,    0.71539,    0.68660,    0.70573,    0.73596,    0.71920,    0.72842,    0.71283,    0.70433
 0.300;      ac_lgc;    0.78065,    0.80449,    0.80491,    0.79432,    0.81434,    0.82926,    0.82502,    0.82962,    0.79673,    0.80479
 0.300;    ac_lgcrp;    0.83876,    0.86323,    0.87108,    0.84079,    0.86394,    0.86908,    0.87144,    0.88184,    0.85314,    0.86034
 0.300;    ac_sgcrp;    0.79281,    0.81746,    0.82006,    0.78843,    0.82124,    0.83060,    0.83100,    0.83181,    0.81126,    0.83089
 0.300;    ac_gcnrp;    0.79918,    0.81716,    0.80592,    0.78808,    0.81170,    0.83784,    0.81397,    0.81581,    0.79470,    0.83417
 0.300;      Kx_sgc;    2.00000,    2.00000,    2.00000,    2.00000,    2.00000,    2.00000,    2.00000,    2.00000,    2.00000,    2.00000
 0.300;      Kx_gcn;    2.00000,    2.00000,    3.00000,    2.00000,    2.00000,    2.00000,    3.00000,    3.00000,    3.00000,    2.00000
 0.300;       αx_lp;    0.99900,    0.99900,    0.99900,    0.99900,    0.99900,    0.99900,    0.99900,    0.99900,    0.99900,    0.99900
 0.300;      αx_lgc;    0.90000,    0.85000,    0.90000,    0.80000,    0.85000,    0.80000,    0.85000,    0.70000,    0.85000,    0.70000
 0.300;    αx_lgcrp;    0.85000,    0.80000,    0.80000,    0.80000,    0.80000,    0.70000,    0.85000,    0.80000,    0.85000,    0.70000
 0.300;    αx_sgcrp;    0.85000,    0.95000,    0.99000,    0.99000,    0.99000,    0.85000,    0.95000,    0.99000,    0.99900,    0.90000
 0.300;    αx_gcnrp;    0.80000,    0.95000,    0.95000,    0.99900,    0.95000,    0.85000,    0.95000,    0.95000,    0.99000,    0.90000
 0.400;       vi_ll;    0.45766,    0.45064,    0.45340,    0.46153,    0.45879,    0.45909,    0.45563,    0.45456,    0.45834,    0.44603
 0.400;       vi_ff;    0.61337,    0.61226,    0.61359,    0.61146,    0.61614,    0.61005,    0.61128,    0.61188,    0.61065,    0.60920
 0.400;       vi_fl;    0.63380,    0.63259,    0.63406,    0.63333,    0.63649,    0.63164,    0.63265,    0.63261,    0.63167,    0.62954
 0.400;       ac_lr;    0.70999,    0.71749,    0.67709,    0.69726,    0.69618,    0.72989,    0.73321,    0.70102,    0.70768,    0.71709
 0.400;      ac_sgc;    0.73792,    0.74278,    0.73691,    0.72317,    0.76220,    0.74657,    0.75486,    0.77958,    0.74064,    0.76073
 0.400;      ac_gcn;    0.77384,    0.78454,    0.77825,    0.75984,    0.79057,    0.79177,    0.79839,    0.79333,    0.78288,    0.79309
 0.400;       ac_lp;    0.75097,    0.72576,    0.71063,    0.71129,    0.73166,    0.76894,    0.75135,    0.75741,    0.73490,    0.76573
 0.400;      ac_lgc;    0.80363,    0.80212,    0.80198,    0.78743,    0.80751,    0.82371,    0.80844,    0.82986,    0.79599,    0.82121
 0.400;    ac_lgcrp;    0.86646,    0.86534,    0.86669,    0.84905,    0.87051,    0.87703,    0.88736,    0.88699,    0.85658,    0.87881
 0.400;    ac_sgcrp;    0.83326,    0.81655,    0.81608,    0.79664,    0.82659,    0.84405,    0.84049,    0.83696,    0.81313,    0.83304
 0.400;    ac_gcnrp;    0.83263,    0.82357,    0.82651,    0.79242,    0.82329,    0.84502,    0.84524,    0.81648,    0.81030,    0.82677
 0.400;      Kx_sgc;    2.00000,    2.00000,    2.00000,    2.00000,    2.00000,    2.00000,    2.00000,    2.00000,    2.00000,    2.00000
 0.400;      Kx_gcn;    2.00000,    2.00000,    2.00000,    2.00000,    2.00000,    2.00000,    2.00000,    3.00000,    2.00000,    2.00000
 0.400;       αx_lp;    0.99900,    0.99900,    0.99900,    0.99900,    0.99900,    0.99900,    0.99900,    0.99900,    0.99900,    0.99900
 0.400;      αx_lgc;    0.80000,    0.85000,    0.85000,    0.85000,    0.90000,    0.85000,    0.80000,    0.80000,    0.90000,    0.80000
 0.400;    αx_lgcrp;    0.80000,    0.80000,    0.80000,    0.80000,    0.80000,    0.70000,    0.80000,    0.80000,    0.85000,    0.80000
 0.400;    αx_sgcrp;    0.99900,    0.99900,    0.99000,    0.99900,    0.95000,    0.95000,    0.95000,    0.95000,    0.99900,    0.95000
 0.400;    αx_gcnrp;    0.99000,    0.99900,    0.99000,    0.99900,    0.95000,    0.95000,    0.90000,    0.95000,    0.99900,    0.95000
 0.500;       vi_ll;    0.47497,    0.47308,    0.47613,    0.48005,    0.48523,    0.47325,    0.47183,    0.47877,    0.47660,    0.47422
 0.500;       vi_ff;    0.61214,    0.61243,    0.61269,    0.61063,    0.61552,    0.60973,    0.61240,    0.61264,    0.60988,    0.60750
 0.500;       vi_fl;    0.63656,    0.63692,    0.63751,    0.63642,    0.64079,    0.63440,    0.63697,    0.63741,    0.63481,    0.63289
 0.500;       ac_lr;    0.69358,    0.72480,    0.68295,    0.70531,    0.72935,    0.72983,    0.73236,    0.69995,    0.70579,    0.70819
 0.500;      ac_sgc;    0.74057,    0.77390,    0.74072,    0.73946,    0.78745,    0.76284,    0.77849,    0.76817,    0.73968,    0.76444
 0.500;      ac_gcn;    0.77874,    0.80940,    0.78021,    0.77802,    0.82296,    0.81347,    0.82255,    0.80484,    0.78361,    0.79874
 0.500;       ac_lp;    0.78648,    0.75586,    0.74061,    0.72238,    0.77904,    0.78037,    0.78737,    0.78610,    0.76359,    0.78343
 0.500;      ac_lgc;    0.79313,    0.82017,    0.79958,    0.79498,    0.84487,    0.82189,    0.82965,    0.81027,    0.80512,    0.80448
 0.500;    ac_lgcrp;    0.87585,    0.88942,    0.86555,    0.85252,    0.90271,    0.88940,    0.89617,    0.88733,    0.87001,    0.88162
 0.500;    ac_sgcrp;    0.85434,    0.85301,    0.81277,    0.80409,    0.86845,    0.84789,    0.85645,    0.84793,    0.82243,    0.83687
 0.500;    ac_gcnrp;    0.85389,    0.85191,    0.82160,    0.80282,    0.86631,    0.85370,    0.86041,    0.83463,    0.81767,    0.84382
 0.500;      Kx_sgc;    2.00000,    2.00000,    2.00000,    2.00000,    2.00000,    2.00000,    2.00000,    2.00000,    2.00000,    2.00000
 0.500;      Kx_gcn;    2.00000,    2.00000,    2.00000,    2.00000,    2.00000,    2.00000,    2.00000,    3.00000,    2.00000,    2.00000
 0.500;       αx_lp;    0.99900,    0.99900,    0.99900,    0.99900,    0.99900,    0.99900,    0.99900,    0.99900,    0.99900,    0.99900
 0.500;      αx_lgc;    0.80000,    0.80000,    0.85000,    0.85000,    0.85000,    0.85000,    0.85000,    0.80000,    0.85000,    0.80000
 0.500;    αx_lgcrp;    0.80000,    0.80000,    0.80000,    0.80000,    0.80000,    0.80000,    0.80000,    0.80000,    0.80000,    0.80000
 0.500;    αx_sgcrp;    0.99000,    0.99900,    0.99900,    0.99900,    0.95000,    0.95000,    0.95000,    0.99000,    0.99900,    0.95000
 0.500;    αx_gcnrp;    0.99000,    0.99900,    0.99900,    0.99900,    0.95000,    0.95000,    0.90000,    0.95000,    0.99000,    0.99000
 0.600;       vi_ll;    0.49790,    0.49385,    0.48944,    0.49003,    0.49993,    0.49113,    0.49726,    0.49642,    0.48622,    0.49130
 0.600;       vi_ff;    0.61372,    0.61421,    0.61189,    0.60807,    0.61558,    0.60769,    0.61289,    0.61309,    0.60883,    0.60812
 0.600;       vi_fl;    0.64223,    0.64241,    0.64016,    0.63703,    0.64386,    0.63666,    0.64240,    0.64170,    0.63651,    0.63738
 0.600;       ac_lr;    0.69816,    0.72427,    0.69204,    0.68505,    0.74447,    0.70859,    0.74854,    0.67454,    0.71160,    0.70112
 0.600;      ac_sgc;    0.74183,    0.75849,    0.74057,    0.71208,    0.79490,    0.76130,    0.76753,    0.76399,    0.72627,    0.75723
 0.600;      ac_gcn;    0.79376,    0.79939,    0.77547,    0.77324,    0.82789,    0.79581,    0.81491,    0.80764,    0.76143,    0.80597
 0.600;       ac_lp;    0.79178,    0.75747,    0.73778,    0.74367,    0.79318,    0.79893,    0.81199,    0.79804,    0.75034,    0.79695
 0.600;      ac_lgc;    0.78395,    0.81943,    0.80063,    0.77080,    0.85062,    0.81898,    0.82780,    0.81079,    0.79384,    0.80691
 0.600;    ac_lgcrp;    0.88678,    0.89226,    0.86950,    0.85110,    0.91013,    0.87716,    0.90661,    0.88236,    0.86074,    0.88731
 0.600;    ac_sgcrp;    0.85515,    0.84667,    0.81343,    0.80383,    0.87053,    0.83769,    0.85680,    0.85596,    0.81212,    0.83649
 0.600;    ac_gcnrp;    0.85477,    0.85215,    0.82326,    0.81539,    0.86682,    0.84885,    0.86159,    0.86009,    0.80648,    0.84642
 0.600;      Kx_sgc;    2.00000,    2.00000,    2.00000,    2.00000,    2.00000,    2.00000,    2.00000,    2.00000,    2.00000,    2.00000
 0.600;      Kx_gcn;    2.00000,    2.00000,    2.00000,    2.00000,    2.00000,    2.00000,    2.00000,    2.00000,    2.00000,    2.00000
 0.600;       αx_lp;    0.99900,    0.99900,    0.99900,    0.99900,    0.99900,    0.99900,    0.99900,    0.99900,    0.99900,    0.99900
 0.600;      αx_lgc;    0.80000,    0.85000,    0.85000,    0.85000,    0.80000,    0.80000,    0.85000,    0.80000,    0.85000,    0.85000
 0.600;    αx_lgcrp;    0.80000,    0.80000,    0.80000,    0.80000,    0.80000,    0.80000,    0.80000,    0.70000,    0.85000,    0.80000
 0.600;    αx_sgcrp;    0.99900,    0.99000,    0.99900,    0.95000,    0.95000,    0.90000,    0.95000,    0.95000,    0.99900,    0.95000
 0.600;    αx_gcnrp;    0.99900,    0.99900,    0.99900,    0.95000,    0.90000,    0.90000,    0.85000,    0.95000,    0.99000,    0.95000
