 0.100;       vi_ll;    0.23842,    0.24000,    0.23624,    0.24305,    0.23987,    0.23164,    0.23252,    0.23971,    0.23249,    0.23332
 0.100;       vi_ff;    0.77605,    0.77556,    0.77590,    0.77497,    0.77603,    0.77579,    0.77578,    0.77622,    0.77656,    0.77536
 0.100;       vi_fl;    0.77605,    0.77556,    0.77590,    0.77497,    0.77603,    0.77579,    0.77578,    0.77622,    0.77656,    0.77536
 0.100;       ac_lr;    0.84036,    0.84244,    0.83819,    0.84307,    0.72198,    0.82831,    0.81797,    0.82565,    0.81702,    0.83425
 0.100;      ac_sgc;    0.60435,    0.58874,    0.61350,    0.61600,    0.57362,    0.57053,    0.62158,    0.58938,    0.57082,    0.61378
 0.100;      ac_gcn;    0.60121,    0.56134,    0.59701,    0.58884,    0.54077,    0.54538,    0.61763,    0.59882,    0.53595,    0.60496
 0.100;       ac_lp;    0.23455,    0.29406,    0.21328,    0.21491,    0.23487,    0.22643,    0.29240,    0.24520,    0.16704,    0.23332
 0.100;      ac_lgc;    0.84036,    0.84244,    0.83819,    0.84307,    0.71811,    0.82831,    0.81797,    0.82565,    0.81702,    0.83425
 0.100;    ac_lgcrp;    0.84036,    0.84244,    0.83819,    0.84307,    0.71572,    0.82831,    0.81797,    0.82565,    0.81702,    0.83425
 0.100;    ac_sgcrp;    0.61223,    0.59105,    0.61350,    0.61693,    0.57953,    0.57155,    0.62158,    0.59704,    0.49813,    0.63929
 0.100;    ac_gcnrp;    0.60316,    0.56134,    0.59701,    0.59018,    0.54077,    0.54533,    0.61763,    0.59914,    0.45813,    0.61054
 0.100;      Kx_sgc;    1.00000,    1.00000,    1.00000,    1.00000,    1.00000,    1.00000,    1.00000,    1.00000,    1.00000,    1.00000
 0.100;      Kx_gcn;    1.00000,    1.00000,    1.00000,    1.00000,    1.00000,    1.00000,    1.00000,    1.00000,    1.00000,    1.00000
 0.100;       αx_lp;    0.99000,    0.99000,    0.99900,    0.95000,    0.95000,    0.95000,    0.95000,    0.99000,    0.99900,    0.95000
 0.100;      αx_lgc;    0.00000,    0.00000,    0.00000,    0.00000,    0.10000,    0.00000,    0.00000,    0.00000,    0.00000,    0.00000
 0.100;    αx_lgcrp;    0.00000,    0.00000,    0.00000,    0.00000,    0.20000,    0.00000,    0.00000,    0.00000,    0.00000,    0.00000
 0.100;    αx_sgcrp;    0.70000,    0.40000,    0.00000,    0.20000,    0.50000,    0.30000,    0.00000,    0.70000,    0.99000,    0.95000
 0.100;    αx_gcnrp;    0.20000,    0.00000,    0.00000,    0.20000,    0.00000,    0.40000,    0.00000,    0.90000,    0.99000,    0.85000
 0.200;       vi_ll;    0.29923,    0.30601,    0.29943,    0.30293,    0.30327,    0.30656,    0.29271,    0.30278,    0.30900,    0.30631
 0.200;       vi_ff;    0.77570,    0.77588,    0.77619,    0.77499,    0.77657,    0.77545,    0.77506,    0.77534,    0.77610,    0.77563
 0.200;       vi_fl;    0.77570,    0.77588,    0.77619,    0.77499,    0.77657,    0.77545,    0.77506,    0.77534,    0.77610,    0.77563
 0.200;       ac_lr;    0.86670,    0.83328,    0.83215,    0.84881,    0.82761,    0.84400,    0.84144,    0.83700,    0.84165,    0.84602
 0.200;      ac_sgc;    0.63656,    0.62237,    0.62034,    0.61654,    0.56679,    0.63249,    0.62285,    0.60953,    0.61317,    0.63186
 0.200;      ac_gcn;    0.62260,    0.60180,    0.61956,    0.60992,    0.58009,    0.63541,    0.62725,    0.61746,    0.58627,    0.63052
 0.200;       ac_lp;    0.42962,    0.38768,    0.40433,    0.39935,    0.29012,    0.37778,    0.38786,    0.34892,    0.38484,    0.38189
 0.200;      ac_lgc;    0.86670,    0.83328,    0.83215,    0.84881,    0.81926,    0.84400,    0.84144,    0.83700,    0.84165,    0.84602
 0.200;    ac_lgcrp;    0.86274,    0.83328,    0.83215,    0.84881,    0.80192,    0.84400,    0.84144,    0.83700,    0.84165,    0.84602
 0.200;    ac_sgcrp;    0.65535,    0.62504,    0.62503,    0.62564,    0.57993,    0.63234,    0.62285,    0.62191,    0.62045,    0.64319
 0.200;    ac_gcnrp;    0.63268,    0.60260,    0.60979,    0.61692,    0.58858,    0.63309,    0.62725,    0.61973,    0.59010,    0.63239
 0.200;      Kx_sgc;    1.00000,    1.00000,    1.00000,    1.00000,    1.00000,    1.00000,    1.00000,    1.00000,    1.00000,    1.00000
 0.200;      Kx_gcn;    1.00000,    1.00000,    1.00000,    1.00000,    1.00000,    1.00000,    1.00000,    1.00000,    1.00000,    1.00000
 0.200;       αx_lp;    0.95000,    0.99000,    0.99900,    0.99000,    0.99900,    0.95000,    0.95000,    0.99000,    0.99900,    0.99000
 0.200;      αx_lgc;    0.00000,    0.00000,    0.00000,    0.00000,    0.10000,    0.00000,    0.00000,    0.00000,    0.00000,    0.00000
 0.200;    αx_lgcrp;    0.10000,    0.00000,    0.00000,    0.00000,    0.30000,    0.00000,    0.00000,    0.00000,    0.00000,    0.00000
 0.200;    αx_sgcrp;    0.80000,    0.70000,    0.99000,    0.60000,    0.85000,    0.50000,    0.00000,    0.95000,    0.85000,    0.60000
 0.200;    αx_gcnrp;    0.70000,    0.30000,    0.99900,    0.85000,    0.70000,    0.40000,    0.00000,    0.30000,    0.80000,    0.20000
 0.300;       vi_ll;    0.34120,    0.33696,    0.33834,    0.33995,    0.33819,    0.33707,    0.33787,    0.34135,    0.34513,    0.33438
 0.300;       vi_ff;    0.77593,    0.77543,    0.77693,    0.77562,    0.77749,    0.77531,    0.77553,    0.77610,    0.77540,    0.77428
 0.300;       vi_fl;    0.77593,    0.77543,    0.77693,    0.77562,    0.77749,    0.77531,    0.77553,    0.77610,    0.77540,    0.77428
 0.300;       ac_lr;    0.84291,    0.83920,    0.84106,    0.84112,    0.86164,    0.83264,    0.83805,    0.83124,    0.86099,    0.83029
 0.300;      ac_sgc;    0.63580,    0.63231,    0.61571,    0.62609,    0.61368,    0.62225,    0.67171,    0.59407,    0.60519,    0.63275
 0.300;      ac_gcn;    0.64130,    0.61885,    0.62704,    0.63094,    0.61982,    0.62585,    0.67635,    0.61071,    0.59317,    0.60023
 0.300;       ac_lp;    0.47872,    0.45023,    0.48894,    0.45685,    0.42861,    0.47669,    0.50490,    0.47914,    0.44395,    0.39032
 0.300;      ac_lgc;    0.84291,    0.83920,    0.84106,    0.84112,    0.86164,    0.83264,    0.83805,    0.83124,    0.86099,    0.83029
 0.300;    ac_lgcrp;    0.83949,    0.83920,    0.84106,    0.84112,    0.85714,    0.83264,    0.83805,    0.83124,    0.85400,    0.83029
 0.300;    ac_sgcrp;    0.66286,    0.64003,    0.63860,    0.62177,    0.63466,    0.63754,    0.68029,    0.62234,    0.62665,    0.64457
 0.300;    ac_gcnrp;    0.64515,    0.62642,    0.63425,    0.63077,    0.63083,    0.63593,    0.67635,    0.62376,    0.59490,    0.60023
 0.300;      Kx_sgc;    1.00000,    1.00000,    1.00000,    1.00000,    1.00000,    1.00000,    1.00000,    1.00000,    1.00000,    1.00000
 0.300;      Kx_gcn;    1.00000,    1.00000,    1.00000,    1.00000,    1.00000,    1.00000,    1.00000,    1.00000,    1.00000,    1.00000
 0.300;       αx_lp;    0.99000,    0.99000,    0.99000,    0.99000,    0.99000,    0.99900,    0.99000,    0.99900,    0.99900,    0.95000
 0.300;      αx_lgc;    0.00000,    0.00000,    0.00000,    0.00000,    0.00000,    0.00000,    0.00000,    0.00000,    0.00000,    0.00000
 0.300;    αx_lgcrp;    0.10000,    0.00000,    0.00000,    0.00000,    0.10000,    0.00000,    0.00000,    0.00000,    0.10000,    0.00000
 0.300;    αx_sgcrp;    0.80000,    0.80000,    0.70000,    0.99900,    0.70000,    0.60000,    0.20000,    0.90000,    0.90000,    0.40000
 0.300;    αx_gcnrp;    0.80000,    0.70000,    0.60000,    0.85000,    0.50000,    0.60000,    0.00000,    0.90000,    0.85000,    0.00000
 0.400;       vi_ll;    0.36434,    0.35839,    0.36022,    0.36600,    0.36592,    0.36385,    0.36131,    0.36079,    0.36398,    0.35368
 0.400;       vi_ff;    0.77636,    0.77599,    0.77680,    0.77552,    0.77805,    0.77463,    0.77561,    0.77573,    0.77494,    0.77437
 0.400;       vi_fl;    0.77636,    0.77599,    0.77680,    0.77552,    0.77805,    0.77463,    0.77561,    0.77573,    0.77494,    0.77437
 0.400;       ac_lr;    0.85867,    0.82874,    0.83841,    0.83600,    0.84868,    0.82535,    0.87807,    0.83033,    0.87427,    0.83305
 0.400;      ac_sgc;    0.63332,    0.61610,    0.60713,    0.60897,    0.59800,    0.61389,    0.66679,    0.60359,    0.66582,    0.63919
 0.400;      ac_gcn;    0.65258,    0.61395,    0.61107,    0.61254,    0.54853,    0.63169,    0.67877,    0.61448,    0.65680,    0.64867
 0.400;       ac_lp;    0.51173,    0.48363,    0.49689,    0.49322,    0.44688,    0.53763,    0.53597,    0.50500,    0.52699,    0.51432
 0.400;      ac_lgc;    0.85867,    0.82874,    0.83841,    0.83600,    0.84868,    0.82535,    0.87807,    0.83033,    0.87427,    0.83305
 0.400;    ac_lgcrp;    0.85664,    0.82874,    0.83661,    0.83600,    0.84868,    0.82535,    0.87807,    0.83033,    0.87427,    0.83305
 0.400;    ac_sgcrp;    0.65503,    0.63901,    0.62982,    0.61947,    0.61355,    0.64532,    0.69629,    0.60853,    0.68684,    0.66606
 0.400;    ac_gcnrp;    0.65006,    0.62574,    0.61850,    0.61530,    0.57446,    0.64454,    0.68449,    0.60557,    0.66785,    0.66075
 0.400;      Kx_sgc;    1.00000,    1.00000,    1.00000,    1.00000,    1.00000,    1.00000,    1.00000,    1.00000,    1.00000,    1.00000
 0.400;      Kx_gcn;    1.00000,    1.00000,    1.00000,    1.00000,    2.00000,    1.00000,    1.00000,    1.00000,    1.00000,    1.00000
 0.400;       αx_lp;    0.99000,    0.99900,    0.99900,    0.99000,    0.99900,    0.99900,    0.99900,    0.99900,    0.95000,    0.99900
 0.400;      αx_lgc;    0.00000,    0.00000,    0.00000,    0.00000,    0.00000,    0.00000,    0.00000,    0.00000,    0.00000,    0.00000
 0.400;    αx_lgcrp;    0.10000,    0.00000,    0.10000,    0.00000,    0.00000,    0.00000,    0.00000,    0.00000,    0.00000,    0.00000
 0.400;    αx_sgcrp;    0.70000,    0.80000,    0.80000,    0.90000,    0.85000,    0.70000,    0.60000,    0.99000,    0.60000,    0.70000
 0.400;    αx_gcnrp;    0.60000,    0.70000,    0.70000,    0.85000,    0.70000,    0.50000,    0.20000,    0.95000,    0.50000,    0.50000
 0.500;       vi_ll;    0.37770,    0.37620,    0.37752,    0.37987,    0.38621,    0.37558,    0.37431,    0.38009,    0.37821,    0.37501
 0.500;       vi_ff;    0.77571,    0.77608,    0.77640,    0.77509,    0.77764,    0.77450,    0.77633,    0.77612,    0.77453,    0.77340
 0.500;       vi_fl;    0.77571,    0.77608,    0.77640,    0.77509,    0.77764,    0.77450,    0.77633,    0.77612,    0.77453,    0.77340
 0.500;       ac_lr;    0.87644,    0.81619,    0.82502,    0.82498,    0.85941,    0.86762,    0.88270,    0.82438,    0.86831,    0.82826
 0.500;      ac_sgc;    0.64468,    0.61231,    0.59281,    0.58771,    0.63938,    0.61346,    0.67067,    0.59922,    0.65596,    0.63941
 0.500;      ac_gcn;    0.65508,    0.62003,    0.59960,    0.61105,    0.65775,    0.64965,    0.67976,    0.61147,    0.65140,    0.63861
 0.500;       ac_lp;    0.53751,    0.52607,    0.54071,    0.49529,    0.47334,    0.54135,    0.59592,    0.52821,    0.58270,    0.54039
 0.500;      ac_lgc;    0.87644,    0.81619,    0.82502,    0.82498,    0.85941,    0.86762,    0.88270,    0.82438,    0.86831,    0.82826
 0.500;    ac_lgcrp;    0.87501,    0.81619,    0.82502,    0.82498,    0.85941,    0.86452,    0.88270,    0.82438,    0.86831,    0.82826
 0.500;    ac_sgcrp;    0.66452,    0.63840,    0.62189,    0.59754,    0.64764,    0.65089,    0.70581,    0.61312,    0.68608,    0.66533
 0.500;    ac_gcnrp;    0.65926,    0.63438,    0.61265,    0.60608,    0.64431,    0.65901,    0.69441,    0.61221,    0.66855,    0.65718
 0.500;      Kx_sgc;    1.00000,    1.00000,    1.00000,    1.00000,    1.00000,    1.00000,    1.00000,    1.00000,    1.00000,    1.00000
 0.500;      Kx_gcn;    1.00000,    1.00000,    1.00000,    1.00000,    1.00000,    1.00000,    1.00000,    1.00000,    1.00000,    1.00000
 0.500;       αx_lp;    0.95000,    0.99900,    0.99900,    0.99000,    0.99000,    0.99900,    0.99000,    0.99900,    0.99000,    0.99900
 0.500;      αx_lgc;    0.00000,    0.00000,    0.00000,    0.00000,    0.00000,    0.00000,    0.00000,    0.00000,    0.00000,    0.00000
 0.500;    αx_lgcrp;    0.10000,    0.00000,    0.00000,    0.00000,    0.00000,    0.10000,    0.00000,    0.00000,    0.00000,    0.00000
 0.500;    αx_sgcrp;    0.60000,    0.60000,    0.80000,    0.90000,    0.80000,    0.70000,    0.70000,    0.90000,    0.70000,    0.80000
 0.500;    αx_gcnrp;    0.40000,    0.50000,    0.70000,    0.85000,    0.80000,    0.70000,    0.50000,    0.85000,    0.50000,    0.70000
 0.600;       vi_ll;    0.39569,    0.39237,    0.38775,    0.38781,    0.39841,    0.38861,    0.39350,    0.39410,    0.38578,    0.38857
 0.600;       vi_ff;    0.77656,    0.77709,    0.77605,    0.77362,    0.77755,    0.77334,    0.77652,    0.77641,    0.77394,    0.77373
 0.600;       vi_fl;    0.77656,    0.77709,    0.77605,    0.77362,    0.77755,    0.77334,    0.77652,    0.77641,    0.77394,    0.77373
 0.600;       ac_lr;    0.87675,    0.86184,    0.87004,    0.87275,    0.85771,    0.86483,    0.89039,    0.79758,    0.87729,    0.87229
 0.600;      ac_sgc;    0.59480,    0.62165,    0.63252,    0.61364,    0.63452,    0.62424,    0.67803,    0.58199,    0.65193,    0.64041
 0.600;      ac_gcn;    0.60500,    0.61153,    0.62462,    0.63444,    0.65339,    0.64404,    0.68773,    0.59812,    0.65517,    0.64099
 0.600;       ac_lp;    0.52762,    0.50627,    0.54918,    0.52221,    0.54313,    0.59241,    0.63452,    0.54818,    0.58745,    0.56738
 0.600;      ac_lgc;    0.87675,    0.86184,    0.87004,    0.87275,    0.85771,    0.86483,    0.89039,    0.79758,    0.87729,    0.87229
 0.600;    ac_lgcrp;    0.87484,    0.86184,    0.86233,    0.85647,    0.85771,    0.86604,    0.89039,    0.79758,    0.87729,    0.87229
 0.600;    ac_sgcrp;    0.61959,    0.64629,    0.64843,    0.63192,    0.66777,    0.65427,    0.71470,    0.60549,    0.67758,    0.64476
 0.600;    ac_gcnrp;    0.61443,    0.62724,    0.62913,    0.64182,    0.67094,    0.65695,    0.69953,    0.60430,    0.66474,    0.63499
 0.600;      Kx_sgc;    1.00000,    1.00000,    1.00000,    1.00000,    1.00000,    1.00000,    1.00000,    1.00000,    1.00000,    1.00000
 0.600;      Kx_gcn;    1.00000,    1.00000,    1.00000,    1.00000,    1.00000,    1.00000,    1.00000,    1.00000,    1.00000,    1.00000
 0.600;       αx_lp;    0.95000,    0.99900,    0.99900,    0.99000,    0.99000,    0.99000,    0.99000,    0.99900,    0.99900,    0.99900
 0.600;      αx_lgc;    0.00000,    0.00000,    0.00000,    0.00000,    0.00000,    0.00000,    0.00000,    0.00000,    0.00000,    0.00000
 0.600;    αx_lgcrp;    0.10000,    0.00000,    0.10000,    0.10000,    0.00000,    0.10000,    0.00000,    0.00000,    0.00000,    0.00000
 0.600;    αx_sgcrp;    0.70000,    0.50000,    0.80000,    0.85000,    0.60000,    0.70000,    0.60000,    0.80000,    0.90000,    0.85000
 0.600;    αx_gcnrp;    0.50000,    0.40000,    0.70000,    0.70000,    0.40000,    0.60000,    0.30000,    0.70000,    0.85000,    0.70000
