 0.100;       vi_ll;    0.11381,    0.11411,    0.11272,    0.11422,    0.11069,    0.11492,    0.11504,    0.11308,    0.11111,    0.11478
 0.100;       vi_ff;    0.54475,    0.54505,    0.54490,    0.54508,    0.54504,    0.54487,    0.54459,    0.54488,    0.54495,    0.54443
 0.100;       vi_fl;    0.54581,    0.54612,    0.54596,    0.54614,    0.54610,    0.54595,    0.54567,    0.54594,    0.54601,    0.54552
 0.100;       ac_lr;    0.60035,    0.61801,    0.61336,    0.61646,    0.63743,    0.63448,    0.60050,    0.60439,    0.61566,    0.60667
 0.100;      ac_sgc;    0.50829,    0.50858,    0.50961,    0.47668,    0.51141,    0.48883,    0.50798,    0.52129,    0.47148,    0.51952
 0.100;      ac_gcn;    0.50326,    0.52426,    0.52108,    0.48900,    0.53557,    0.48718,    0.52454,    0.51926,    0.48837,    0.53448
 0.100;       ac_lp;    0.30468,    0.30006,    0.26894,    0.31841,    0.26310,    0.28039,    0.32947,    0.28269,    0.28172,    0.25561
 0.100;      ac_lgc;    0.64095,    0.64887,    0.64639,    0.64182,    0.66218,    0.65179,    0.64131,    0.63468,    0.64274,    0.62384
 0.100;    ac_lgcrp;    0.64940,    0.65436,    0.65783,    0.64069,    0.67632,    0.66460,    0.65486,    0.64267,    0.65622,    0.63668
 0.100;    ac_sgcrp;    0.53849,    0.51177,    0.52781,    0.50255,    0.53874,    0.51932,    0.53071,    0.52718,    0.50114,    0.53612
 0.100;    ac_gcnrp;    0.52462,    0.52676,    0.52695,    0.49972,    0.54358,    0.51323,    0.52454,    0.52244,    0.49356,    0.54371
 0.100;      Kx_sgc;    1.00000,    1.00000,    1.00000,    2.00000,    1.00000,    1.00000,    1.00000,    1.00000,    2.00000,    1.00000
 0.100;      Kx_gcn;    2.00000,    1.00000,    1.00000,    2.00000,    1.00000,    1.00000,    2.00000,    1.00000,    2.00000,    1.00000
 0.100;       αx_lp;    0.99900,    0.99900,    0.99900,    0.99900,    0.99000,    0.99900,    0.99900,    0.99000,    0.99900,    0.99900
 0.100;      αx_lgc;    0.40000,    0.30000,    0.60000,    0.60000,    0.40000,    0.20000,    0.50000,    0.40000,    0.60000,    0.60000
 0.100;    αx_lgcrp;    0.50000,    0.30000,    0.60000,    0.70000,    0.50000,    0.30000,    0.50000,    0.40000,    0.60000,    0.60000
 0.100;    αx_sgcrp;    0.95000,    0.20000,    0.95000,    0.90000,    0.95000,    0.99000,    0.95000,    0.95000,    0.85000,    0.90000
 0.100;    αx_gcnrp;    0.90000,    0.20000,    0.90000,    0.70000,    0.95000,    0.99000,    0.00000,    0.95000,    0.60000,    0.85000
 0.200;       vi_ll;    0.14997,    0.14859,    0.14943,    0.14783,    0.14971,    0.15010,    0.14969,    0.14895,    0.14789,    0.14913
 0.200;       vi_ff;    0.54503,    0.54440,    0.54478,    0.54520,    0.54531,    0.54462,    0.54436,    0.54524,    0.54472,    0.54508
 0.200;       vi_fl;    0.54707,    0.54646,    0.54683,    0.54720,    0.54737,    0.54669,    0.54644,    0.54730,    0.54674,    0.54714
 0.200;       ac_lr;    0.61297,    0.62060,    0.62590,    0.63531,    0.64590,    0.63605,    0.62002,    0.60853,    0.63307,    0.63193
 0.200;      ac_sgc;    0.51404,    0.50752,    0.51829,    0.50530,    0.50435,    0.51116,    0.50374,    0.50735,    0.52453,    0.50641
 0.200;      ac_gcn;    0.53155,    0.52824,    0.54418,    0.52158,    0.52057,    0.52166,    0.52614,    0.51963,    0.52983,    0.52783
 0.200;       ac_lp;    0.35963,    0.37346,    0.33926,    0.36143,    0.33944,    0.36659,    0.36841,    0.30732,    0.31845,    0.32162
 0.200;      ac_lgc;    0.63475,    0.65146,    0.65479,    0.65249,    0.66912,    0.65792,    0.64179,    0.62979,    0.65254,    0.65571
 0.200;    ac_lgcrp;    0.66081,    0.66858,    0.67118,    0.66845,    0.69160,    0.68366,    0.67334,    0.64741,    0.67173,    0.67406
 0.200;    ac_sgcrp;    0.55338,    0.54866,    0.53937,    0.54334,    0.53700,    0.54405,    0.53460,    0.51996,    0.54841,    0.54037
 0.200;    ac_gcnrp;    0.54713,    0.54553,    0.55384,    0.54201,    0.53601,    0.54400,    0.53666,    0.52345,    0.53890,    0.54282
 0.200;      Kx_sgc;    1.00000,    1.00000,    1.00000,    1.00000,    1.00000,    1.00000,    1.00000,    1.00000,    1.00000,    1.00000
 0.200;      Kx_gcn;    1.00000,    1.00000,    1.00000,    1.00000,    2.00000,    1.00000,    2.00000,    1.00000,    1.00000,    2.00000
 0.200;       αx_lp;    0.99900,    0.99900,    0.99900,    0.99900,    0.99900,    0.99900,    0.99900,    0.99900,    0.99900,    0.99900
 0.200;      αx_lgc;    0.40000,    0.40000,    0.50000,    0.60000,    0.50000,    0.30000,    0.50000,    0.50000,    0.20000,    0.50000
 0.200;    αx_lgcrp;    0.50000,    0.40000,    0.50000,    0.70000,    0.50000,    0.50000,    0.60000,    0.50000,    0.30000,    0.60000
 0.200;    αx_sgcrp;    0.90000,    0.90000,    0.85000,    0.90000,    0.90000,    0.95000,    0.80000,    0.90000,    0.95000,    0.95000
 0.200;    αx_gcnrp;    0.70000,    0.70000,    0.80000,    0.85000,    0.80000,    0.90000,    0.70000,    0.85000,    0.85000,    0.95000
 0.300;       vi_ll;    0.17043,    0.16982,    0.17001,    0.17013,    0.16940,    0.17039,    0.16954,    0.17035,    0.16921,    0.17115
 0.300;       vi_ff;    0.54502,    0.54476,    0.54524,    0.54559,    0.54473,    0.54484,    0.54399,    0.54488,    0.54459,    0.54516
 0.300;       vi_fl;    0.54798,    0.54774,    0.54819,    0.54854,    0.54768,    0.54783,    0.54701,    0.54786,    0.54754,    0.54815
 0.300;       ac_lr;    0.61690,    0.63717,    0.62747,    0.63409,    0.64159,    0.62959,    0.63289,    0.63207,    0.62562,    0.64317
 0.300;      ac_sgc;    0.51161,    0.51536,    0.52522,    0.49648,    0.51426,    0.51141,    0.52054,    0.52278,    0.52824,    0.50331
 0.300;      ac_gcn;    0.53758,    0.53566,    0.55023,    0.51234,    0.54186,    0.54097,    0.53708,    0.55167,    0.54588,    0.52533
 0.300;       ac_lp;    0.40971,    0.41917,    0.38148,    0.40486,    0.38328,    0.41767,    0.39624,    0.37931,    0.38576,    0.38428
 0.300;      ac_lgc;    0.64459,    0.66210,    0.65027,    0.65018,    0.65719,    0.66114,    0.65975,    0.64758,    0.64555,    0.66394
 0.300;    ac_lgcrp;    0.68301,    0.69215,    0.67890,    0.68285,    0.68992,    0.69162,    0.69044,    0.67896,    0.68967,    0.68972
 0.300;    ac_sgcrp;    0.55347,    0.55822,    0.55599,    0.53764,    0.55103,    0.54200,    0.55449,    0.55250,    0.56055,    0.53443
 0.300;    ac_gcnrp;    0.55502,    0.55745,    0.56444,    0.53488,    0.56231,    0.55688,    0.55572,    0.56204,    0.56273,    0.53443
 0.300;      Kx_sgc;    1.00000,    1.00000,    1.00000,    1.00000,    1.00000,    1.00000,    1.00000,    1.00000,    1.00000,    1.00000
 0.300;      Kx_gcn;    1.00000,    1.00000,    1.00000,    1.00000,    1.00000,    1.00000,    2.00000,    1.00000,    1.00000,    2.00000
 0.300;       αx_lp;    0.99900,    0.99900,    0.99900,    0.99900,    0.99900,    0.99900,    0.99900,    0.99900,    0.99900,    0.99900
 0.300;      αx_lgc;    0.40000,    0.40000,    0.40000,    0.50000,    0.60000,    0.40000,    0.50000,    0.40000,    0.30000,    0.50000
 0.300;    αx_lgcrp;    0.50000,    0.60000,    0.50000,    0.60000,    0.60000,    0.50000,    0.60000,    0.50000,    0.50000,    0.60000
 0.300;    αx_sgcrp;    0.90000,    0.90000,    0.80000,    0.95000,    0.95000,    0.85000,    0.90000,    0.90000,    0.90000,    0.95000
 0.300;    αx_gcnrp;    0.70000,    0.80000,    0.70000,    0.90000,    0.90000,    0.80000,    0.90000,    0.80000,    0.85000,    0.90000
 0.400;       vi_ll;    0.18497,    0.18376,    0.18565,    0.18397,    0.18343,    0.18530,    0.18145,    0.18413,    0.18364,    0.18485
 0.400;       vi_ff;    0.54540,    0.54425,    0.54586,    0.54502,    0.54435,    0.54517,    0.54309,    0.54441,    0.54481,    0.54488
 0.400;       vi_fl;    0.54922,    0.54812,    0.54969,    0.54884,    0.54818,    0.54903,    0.54697,    0.54828,    0.54862,    0.54874
 0.400;       ac_lr;    0.61091,    0.64940,    0.62520,    0.63124,    0.64253,    0.64253,    0.61695,    0.63437,    0.62593,    0.63677
 0.400;      ac_sgc;    0.51376,    0.52197,    0.51745,    0.50282,    0.50458,    0.51327,    0.50703,    0.52863,    0.52378,    0.50565
 0.400;      ac_gcn;    0.53790,    0.53737,    0.54676,    0.52539,    0.54096,    0.53917,    0.52522,    0.56439,    0.54823,    0.53583
 0.400;       ac_lp;    0.44369,    0.43800,    0.43867,    0.42966,    0.41537,    0.43612,    0.42145,    0.42283,    0.42409,    0.41295
 0.400;      ac_lgc;    0.64322,    0.67385,    0.64964,    0.65238,    0.65712,    0.66563,    0.63776,    0.65879,    0.65802,    0.66204
 0.400;    ac_lgcrp;    0.68730,    0.71224,    0.68821,    0.69092,    0.69515,    0.69789,    0.68488,    0.69691,    0.69824,    0.70412
 0.400;    ac_sgcrp;    0.55452,    0.56415,    0.55706,    0.54882,    0.54273,    0.54408,    0.54532,    0.56656,    0.56102,    0.54363
 0.400;    ac_gcnrp;    0.55833,    0.56101,    0.56477,    0.54909,    0.55970,    0.55577,    0.55883,    0.58006,    0.56843,    0.55642
 0.400;      Kx_sgc;    1.00000,    1.00000,    1.00000,    1.00000,    1.00000,    1.00000,    1.00000,    1.00000,    1.00000,    1.00000
 0.400;      Kx_gcn;    1.00000,    1.00000,    1.00000,    1.00000,    1.00000,    1.00000,    2.00000,    1.00000,    1.00000,    1.00000
 0.400;       αx_lp;    0.99900,    0.99900,    0.99900,    0.99900,    0.99900,    0.99900,    0.99900,    0.99900,    0.99900,    0.99900
 0.400;      αx_lgc;    0.40000,    0.40000,    0.40000,    0.50000,    0.50000,    0.50000,    0.50000,    0.40000,    0.40000,    0.40000
 0.400;    αx_lgcrp;    0.50000,    0.60000,    0.60000,    0.50000,    0.60000,    0.50000,    0.60000,    0.50000,    0.50000,    0.60000
 0.400;    αx_sgcrp;    0.85000,    0.90000,    0.95000,    0.85000,    0.90000,    0.80000,    0.95000,    0.90000,    0.85000,    0.95000
 0.400;    αx_gcnrp;    0.80000,    0.85000,    0.90000,    0.70000,    0.85000,    0.70000,    0.90000,    0.80000,    0.80000,    0.90000
 0.500;       vi_ll;    0.19628,    0.19350,    0.19679,    0.19375,    0.19246,    0.19557,    0.19183,    0.19514,    0.19327,    0.19638
 0.500;       vi_ff;    0.54575,    0.54351,    0.54574,    0.54456,    0.54345,    0.54506,    0.54269,    0.54457,    0.54414,    0.54556
 0.500;       vi_fl;    0.55040,    0.54822,    0.55042,    0.54921,    0.54810,    0.54973,    0.54742,    0.54927,    0.54876,    0.55023
 0.500;       ac_lr;    0.60023,    0.64301,    0.61543,    0.63113,    0.62462,    0.63729,    0.61469,    0.63964,    0.63168,    0.63525
 0.500;      ac_sgc;    0.48842,    0.53329,    0.51526,    0.50508,    0.50861,    0.51108,    0.51367,    0.54235,    0.52649,    0.50229
 0.500;      ac_gcn;    0.52401,    0.55350,    0.54068,    0.52534,    0.54666,    0.53891,    0.53003,    0.57406,    0.55823,    0.53494
 0.500;       ac_lp;    0.43477,    0.46526,    0.45969,    0.44728,    0.45711,    0.45471,    0.45122,    0.46886,    0.45080,    0.43919
 0.500;      ac_lgc;    0.62183,    0.67610,    0.64482,    0.65542,    0.64849,    0.66069,    0.63457,    0.67317,    0.66332,    0.65862
 0.500;    ac_lgcrp;    0.66970,    0.71875,    0.69339,    0.70326,    0.69325,    0.70141,    0.69099,    0.71705,    0.70860,    0.70419
 0.500;    ac_sgcrp;    0.53359,    0.57279,    0.55567,    0.55407,    0.55442,    0.54575,    0.54981,    0.58404,    0.57187,    0.54233
 0.500;    ac_gcnrp;    0.54500,    0.57339,    0.55902,    0.55530,    0.56830,    0.55808,    0.55627,    0.59218,    0.57907,    0.55314
 0.500;      Kx_sgc;    1.00000,    1.00000,    1.00000,    1.00000,    1.00000,    1.00000,    1.00000,    1.00000,    1.00000,    1.00000
 0.500;      Kx_gcn;    1.00000,    1.00000,    1.00000,    1.00000,    1.00000,    1.00000,    2.00000,    1.00000,    1.00000,    1.00000
 0.500;       αx_lp;    0.99900,    0.99900,    0.99900,    0.99900,    0.99900,    0.99900,    0.99900,    0.99900,    0.99900,    0.99900
 0.500;      αx_lgc;    0.40000,    0.40000,    0.40000,    0.50000,    0.40000,    0.40000,    0.40000,    0.40000,    0.40000,    0.40000
 0.500;    αx_lgcrp;    0.60000,    0.50000,    0.50000,    0.60000,    0.50000,    0.50000,    0.60000,    0.50000,    0.50000,    0.60000
 0.500;    αx_sgcrp;    0.90000,    0.90000,    0.90000,    0.90000,    0.90000,    0.80000,    0.90000,    0.85000,    0.85000,    0.90000
 0.500;    αx_gcnrp;    0.80000,    0.80000,    0.85000,    0.80000,    0.85000,    0.70000,    0.95000,    0.80000,    0.70000,    0.85000
 0.600;       vi_ll;    0.20429,    0.20131,    0.20420,    0.20312,    0.20111,    0.20336,    0.19916,    0.20394,    0.20224,    0.20552
 0.600;       vi_ff;    0.54538,    0.54348,    0.54496,    0.54512,    0.54347,    0.54489,    0.54184,    0.54481,    0.54440,    0.54590
 0.600;       vi_fl;    0.55083,    0.54895,    0.55044,    0.55052,    0.54889,    0.55031,    0.54738,    0.55028,    0.54980,    0.55134
 0.600;       ac_lr;    0.59869,    0.64271,    0.62528,    0.63728,    0.60673,    0.63352,    0.62160,    0.64620,    0.63857,    0.61621
 0.600;      ac_sgc;    0.51187,    0.53432,    0.50091,    0.51459,    0.53594,    0.51422,    0.51177,    0.53942,    0.53846,    0.48538
 0.600;      ac_gcn;    0.53930,    0.55850,    0.53334,    0.53673,    0.55826,    0.54861,    0.53286,    0.57112,    0.56868,    0.51870
 0.600;       ac_lp;    0.47981,    0.48291,    0.46255,    0.45877,    0.47099,    0.46717,    0.47280,    0.47912,    0.47485,    0.44555
 0.600;      ac_lgc;    0.61581,    0.68104,    0.64080,    0.66350,    0.64232,    0.65613,    0.64317,    0.66970,    0.66942,    0.64573
 0.600;    ac_lgcrp;    0.67837,    0.72802,    0.69518,    0.71108,    0.69521,    0.70318,    0.70091,    0.72003,    0.72064,    0.69780
 0.600;    ac_sgcrp;    0.55654,    0.56831,    0.53995,    0.55277,    0.58145,    0.55622,    0.53714,    0.58676,    0.58330,    0.52401
 0.600;    ac_gcnrp;    0.57324,    0.57463,    0.54904,    0.56861,    0.59040,    0.56893,    0.55328,    0.59571,    0.59139,    0.54783
 0.600;      Kx_sgc;    1.00000,    1.00000,    1.00000,    1.00000,    1.00000,    1.00000,    1.00000,    1.00000,    1.00000,    1.00000
 0.600;      Kx_gcn;    2.00000,    1.00000,    1.00000,    2.00000,    2.00000,    1.00000,    2.00000,    1.00000,    1.00000,    2.00000
 0.600;       αx_lp;    0.99900,    0.99900,    0.99900,    0.99900,    0.99900,    0.99900,    0.99900,    0.99900,    0.99900,    0.99900
 0.600;      αx_lgc;    0.40000,    0.40000,    0.40000,    0.50000,    0.40000,    0.40000,    0.40000,    0.40000,    0.40000,    0.50000
 0.600;    αx_lgcrp;    0.50000,    0.60000,    0.60000,    0.60000,    0.50000,    0.50000,    0.60000,    0.50000,    0.50000,    0.60000
 0.600;    αx_sgcrp;    0.85000,    0.95000,    0.90000,    0.90000,    0.85000,    0.85000,    0.90000,    0.80000,    0.85000,    0.90000
 0.600;    αx_gcnrp;    0.90000,    0.85000,    0.85000,    0.95000,    0.80000,    0.70000,    0.90000,    0.70000,    0.80000,    0.95000
