 0.100;       vi_ll;    0.18264,    0.18330,    0.18085,    0.18351,    0.17802,    0.18460,    0.18467,    0.18168,    0.17821,    0.18405
 0.100;       vi_ff;    0.40386,    0.40435,    0.40401,    0.40435,    0.40441,    0.40407,    0.40361,    0.40408,    0.40416,    0.40329
 0.100;       vi_fl;    0.41306,    0.41350,    0.41311,    0.41352,    0.41353,    0.41340,    0.41293,    0.41323,    0.41329,    0.41269
 0.100;       ac_lr;    0.37613,    0.38320,    0.40893,    0.41678,    0.39217,    0.39495,    0.38127,    0.42422,    0.34088,    0.36252
 0.100;      ac_sgc;    0.42985,    0.41307,    0.33985,    0.38709,    0.40218,    0.41106,    0.38947,    0.38694,    0.37392,    0.37022
 0.100;      ac_gcn;    0.47832,    0.47946,    0.45987,    0.46030,    0.50190,    0.46199,    0.47972,    0.45819,    0.45775,    0.47059
 0.100;       ac_lp;    0.38759,    0.39795,    0.36140,    0.37282,    0.37492,    0.38251,    0.39333,    0.34649,    0.32921,    0.35652
 0.100;      ac_lgc;    0.48267,    0.47180,    0.38945,    0.44835,    0.43612,    0.47331,    0.45609,    0.47680,    0.43394,    0.46311
 0.100;    ac_lgcrp;    0.56489,    0.57344,    0.51554,    0.52162,    0.50944,    0.54314,    0.54498,    0.54556,    0.48557,    0.55510
 0.100;    ac_sgcrp;    0.55095,    0.55862,    0.51748,    0.52298,    0.54521,    0.53926,    0.54347,    0.50951,    0.47486,    0.53029
 0.100;    ac_gcnrp;    0.50238,    0.55925,    0.52716,    0.52854,    0.55885,    0.54344,    0.54793,    0.50444,    0.49802,    0.53194
 0.100;      Kx_sgc;    1.00000,    1.00000,    2.00000,    1.00000,    1.00000,    1.00000,    1.00000,    2.00000,    2.00000,    1.00000
 0.100;      Kx_gcn;    3.00000,    1.00000,    2.00000,    1.00000,    2.00000,    1.00000,    1.00000,    2.00000,    2.00000,    2.00000
 0.100;       αx_lp;    0.99900,    0.99900,    0.99900,    0.99900,    0.99900,    0.99900,    0.99900,    0.99900,    0.99900,    0.99900
 0.100;      αx_lgc;    0.70000,    0.60000,    0.80000,    0.70000,    0.60000,    0.70000,    0.80000,    0.70000,    0.70000,    0.60000
 0.100;    αx_lgcrp;    0.85000,    0.80000,    0.85000,    0.80000,    0.70000,    0.80000,    0.80000,    0.85000,    0.85000,    0.80000
 0.100;    αx_sgcrp;    0.99900,    0.99900,    0.99900,    0.99900,    0.99900,    0.99900,    0.99900,    0.99900,    0.99000,    0.99900
 0.100;    αx_gcnrp;    0.95000,    0.99900,    0.99900,    0.99900,    0.99000,    0.99900,    0.99000,    0.99900,    0.99000,    0.99900
 0.200;       vi_ll;    0.22841,    0.22692,    0.22762,    0.22545,    0.22840,    0.22911,    0.22784,    0.22721,    0.22558,    0.22735
 0.200;       vi_ff;    0.40436,    0.40353,    0.40388,    0.40454,    0.40490,    0.40389,    0.40314,    0.40471,    0.40373,    0.40454
 0.200;       vi_fl;    0.42067,    0.41986,    0.42026,    0.42042,    0.42124,    0.42040,    0.41965,    0.42104,    0.41982,    0.42085
 0.200;       ac_lr;    0.42594,    0.40220,    0.41715,    0.38663,    0.42452,    0.41594,    0.41975,    0.43191,    0.40691,    0.40228
 0.200;      ac_sgc;    0.42764,    0.44614,    0.42240,    0.39169,    0.41449,    0.42500,    0.40866,    0.41745,    0.40422,    0.39659
 0.200;      ac_gcn;    0.53263,    0.53450,    0.48884,    0.50854,    0.50221,    0.51728,    0.50992,    0.51659,    0.48921,    0.50801
 0.200;       ac_lp;    0.46342,    0.48714,    0.43720,    0.47954,    0.47154,    0.47523,    0.46723,    0.46579,    0.43813,    0.45843
 0.200;      ac_lgc;    0.50112,    0.48051,    0.47538,    0.44365,    0.48551,    0.48345,    0.49537,    0.50299,    0.47342,    0.48426
 0.200;    ac_lgcrp;    0.62539,    0.63660,    0.60061,    0.59098,    0.61996,    0.59434,    0.60637,    0.61551,    0.58828,    0.59273
 0.200;    ac_sgcrp;    0.59773,    0.60828,    0.58283,    0.57992,    0.59262,    0.58409,    0.57395,    0.57683,    0.56913,    0.57440
 0.200;    ac_gcnrp;    0.59946,    0.60548,    0.57663,    0.59319,    0.58453,    0.58270,    0.57665,    0.58296,    0.53520,    0.56346
 0.200;      Kx_sgc;    1.00000,    1.00000,    1.00000,    1.00000,    1.00000,    1.00000,    2.00000,    2.00000,    2.00000,    1.00000
 0.200;      Kx_gcn;    2.00000,    2.00000,    2.00000,    2.00000,    2.00000,    2.00000,    2.00000,    2.00000,    3.00000,    2.00000
 0.200;       αx_lp;    0.99900,    0.99900,    0.99900,    0.99900,    0.99900,    0.99900,    0.99900,    0.99900,    0.99900,    0.99900
 0.200;      αx_lgc;    0.70000,    0.60000,    0.80000,    0.70000,    0.70000,    0.70000,    0.70000,    0.70000,    0.80000,    0.70000
 0.200;    αx_lgcrp;    0.85000,    0.85000,    0.85000,    0.85000,    0.85000,    0.80000,    0.85000,    0.85000,    0.90000,    0.90000
 0.200;    αx_sgcrp;    0.99900,    0.99900,    0.99900,    0.99900,    0.99900,    0.99900,    0.99900,    0.99900,    0.99900,    0.99900
 0.200;    αx_gcnrp;    0.99000,    0.99900,    0.99900,    0.99900,    0.99900,    0.99900,    0.99000,    0.99000,    0.99000,    0.99900
 0.300;       vi_ll;    0.25259,    0.25247,    0.25221,    0.25214,    0.25113,    0.25317,    0.25128,    0.25246,    0.25089,    0.25366
 0.300;       vi_ff;    0.40426,    0.40420,    0.40464,    0.40514,    0.40376,    0.40432,    0.40238,    0.40401,    0.40344,    0.40464
 0.300;       vi_fl;    0.42637,    0.42642,    0.42665,    0.42707,    0.42575,    0.42659,    0.42480,    0.42624,    0.42545,    0.42694
 0.300;       ac_lr;    0.42635,    0.43675,    0.43428,    0.40383,    0.42497,    0.41560,    0.43719,    0.42074,    0.42681,    0.40118
 0.300;      ac_sgc;    0.42055,    0.45230,    0.42611,    0.40511,    0.42705,    0.42018,    0.41191,    0.45307,    0.41551,    0.39282
 0.300;      ac_gcn;    0.51677,    0.55189,    0.51410,    0.50623,    0.54495,    0.53896,    0.52742,    0.53623,    0.50792,    0.51945
 0.300;       ac_lp;    0.51573,    0.54107,    0.51499,    0.53306,    0.51806,    0.52743,    0.52763,    0.53221,    0.50936,    0.49814
 0.300;      ac_lgc;    0.49078,    0.51023,    0.48371,    0.46616,    0.49301,    0.48644,    0.50213,    0.50131,    0.49278,    0.46987
 0.300;    ac_lgcrp;    0.63779,    0.67078,    0.63864,    0.63141,    0.65749,    0.63828,    0.64405,    0.66217,    0.63493,    0.62873
 0.300;    ac_sgcrp;    0.60561,    0.62881,    0.61136,    0.60447,    0.61577,    0.62040,    0.60034,    0.64344,    0.59571,    0.57984
 0.300;    ac_gcnrp;    0.61450,    0.63286,    0.61040,    0.61848,    0.62357,    0.62545,    0.61081,    0.62788,    0.60430,    0.59048
 0.300;      Kx_sgc;    1.00000,    1.00000,    1.00000,    1.00000,    1.00000,    1.00000,    2.00000,    1.00000,    1.00000,    2.00000
 0.300;      Kx_gcn;    2.00000,    2.00000,    2.00000,    2.00000,    2.00000,    2.00000,    2.00000,    2.00000,    2.00000,    2.00000
 0.300;       αx_lp;    0.99900,    0.99900,    0.99900,    0.99900,    0.99900,    0.99900,    0.99900,    0.99900,    0.99900,    0.99900
 0.300;      αx_lgc;    0.70000,    0.70000,    0.80000,    0.70000,    0.70000,    0.70000,    0.70000,    0.60000,    0.70000,    0.70000
 0.300;    αx_lgcrp;    0.90000,    0.85000,    0.85000,    0.85000,    0.85000,    0.85000,    0.85000,    0.85000,    0.85000,    0.85000
 0.300;    αx_sgcrp;    0.99900,    0.99900,    0.99900,    0.99900,    0.99900,    0.99900,    0.99900,    0.99900,    0.99900,    0.99900
 0.300;    αx_gcnrp;    0.99900,    0.99900,    0.99900,    0.99900,    0.99900,    0.99900,    0.99900,    0.99000,    0.99900,    0.99900
 0.400;       vi_ll;    0.26929,    0.26848,    0.27034,    0.26809,    0.26708,    0.27044,    0.26519,    0.26813,    0.26756,    0.26909
 0.400;       vi_ff;    0.40482,    0.40340,    0.40571,    0.40422,    0.40296,    0.40500,    0.40114,    0.40309,    0.40378,    0.40404
 0.400;       vi_fl;    0.43177,    0.43064,    0.43270,    0.43113,    0.42989,    0.43217,    0.42835,    0.43034,    0.43063,    0.43121
 0.400;       ac_lr;    0.42553,    0.43530,    0.43302,    0.38855,    0.42188,    0.42680,    0.42204,    0.43169,    0.43119,    0.41063
 0.400;      ac_sgc;    0.43488,    0.45125,    0.43214,    0.38271,    0.42250,    0.41938,    0.41584,    0.45527,    0.41050,    0.39496
 0.400;      ac_gcn;    0.53077,    0.55820,    0.52190,    0.51199,    0.53710,    0.54818,    0.52710,    0.55086,    0.53078,    0.51683
 0.400;       ac_lp;    0.55698,    0.57717,    0.56442,    0.56418,    0.55296,    0.57514,    0.55534,    0.58492,    0.54548,    0.53284
 0.400;      ac_lgc;    0.49942,    0.51101,    0.48918,    0.45305,    0.48428,    0.48603,    0.48537,    0.50576,    0.50059,    0.48260
 0.400;    ac_lgcrp;    0.67240,    0.68987,    0.67067,    0.65173,    0.67253,    0.66485,    0.65830,    0.69513,    0.66608,    0.64975
 0.400;    ac_sgcrp;    0.62826,    0.64269,    0.63636,    0.61221,    0.62444,    0.64136,    0.62045,    0.65405,    0.61298,    0.59585
 0.400;    ac_gcnrp;    0.63445,    0.65354,    0.63681,    0.62698,    0.63290,    0.65144,    0.62899,    0.65223,    0.63095,    0.60638
 0.400;      Kx_sgc;    1.00000,    1.00000,    1.00000,    1.00000,    1.00000,    1.00000,    1.00000,    1.00000,    1.00000,    2.00000
 0.400;      Kx_gcn;    2.00000,    2.00000,    2.00000,    2.00000,    2.00000,    2.00000,    2.00000,    2.00000,    2.00000,    2.00000
 0.400;       αx_lp;    0.99900,    0.99900,    0.99900,    0.99900,    0.99900,    0.99900,    0.99900,    0.99900,    0.99900,    0.99900
 0.400;      αx_lgc;    0.70000,    0.70000,    0.70000,    0.70000,    0.70000,    0.70000,    0.70000,    0.60000,    0.70000,    0.70000
 0.400;    αx_lgcrp;    0.85000,    0.85000,    0.85000,    0.85000,    0.85000,    0.85000,    0.85000,    0.85000,    0.85000,    0.85000
 0.400;    αx_sgcrp;    0.99900,    0.99900,    0.99900,    0.99900,    0.99900,    0.99900,    0.99900,    0.99900,    0.99900,    0.99900
 0.400;    αx_gcnrp;    0.99900,    0.99900,    0.99900,    0.99900,    0.99900,    0.99900,    0.99900,    0.99900,    0.99900,    0.99900
 0.500;       vi_ll;    0.28190,    0.27911,    0.28278,    0.27881,    0.27758,    0.28195,    0.27683,    0.28048,    0.27906,    0.28220
 0.500;       vi_ff;    0.40523,    0.40211,    0.40550,    0.40333,    0.40179,    0.40489,    0.40046,    0.40335,    0.40326,    0.40516
 0.500;       vi_fl;    0.43645,    0.43362,    0.43684,    0.43440,    0.43292,    0.43615,    0.43201,    0.43481,    0.43427,    0.43645
 0.500;       ac_lr;    0.43155,    0.42410,    0.43153,    0.38845,    0.42729,    0.42654,    0.42936,    0.44485,    0.42780,    0.41661
 0.500;      ac_sgc;    0.43008,    0.44943,    0.43875,    0.40778,    0.43681,    0.41698,    0.41832,    0.46358,    0.40973,    0.40317
 0.500;      ac_gcn;    0.53652,    0.55351,    0.54652,    0.52302,    0.55246,    0.55204,    0.53454,    0.55779,    0.53724,    0.51383
 0.500;       ac_lp;    0.58219,    0.59037,    0.58762,    0.58974,    0.57582,    0.59740,    0.58008,    0.60351,    0.56917,    0.54980
 0.500;      ac_lgc;    0.49465,    0.50301,    0.50428,    0.45684,    0.49542,    0.50018,    0.48284,    0.52072,    0.49247,    0.49304
 0.500;    ac_lgcrp;    0.68645,    0.69430,    0.69565,    0.67888,    0.68338,    0.69485,    0.67486,    0.71762,    0.68498,    0.66179
 0.500;    ac_sgcrp;    0.64142,    0.65064,    0.65121,    0.63606,    0.63912,    0.64689,    0.63559,    0.66354,    0.63030,    0.59706
 0.500;    ac_gcnrp;    0.64865,    0.65657,    0.65759,    0.63984,    0.64798,    0.65806,    0.64829,    0.64587,    0.64171,    0.60248
 0.500;      Kx_sgc;    1.00000,    1.00000,    1.00000,    1.00000,    1.00000,    2.00000,    1.00000,    1.00000,    1.00000,    2.00000
 0.500;      Kx_gcn;    2.00000,    2.00000,    2.00000,    2.00000,    2.00000,    2.00000,    2.00000,    3.00000,    2.00000,    2.00000
 0.500;       αx_lp;    0.99900,    0.99900,    0.99900,    0.99900,    0.99900,    0.99900,    0.99900,    0.99900,    0.99900,    0.99900
 0.500;      αx_lgc;    0.70000,    0.70000,    0.70000,    0.70000,    0.70000,    0.70000,    0.70000,    0.70000,    0.70000,    0.70000
 0.500;    αx_lgcrp;    0.85000,    0.85000,    0.85000,    0.85000,    0.85000,    0.85000,    0.85000,    0.85000,    0.85000,    0.85000
 0.500;    αx_sgcrp;    0.99900,    0.99900,    0.99900,    0.99900,    0.99900,    0.99900,    0.99900,    0.99900,    0.99900,    0.99900
 0.500;    αx_gcnrp;    0.99900,    0.99900,    0.99900,    0.99900,    0.99900,    0.99900,    0.99900,    0.99900,    0.99900,    0.99900
 0.600;       vi_ll;    0.29054,    0.28761,    0.29049,    0.28942,    0.28723,    0.29047,    0.28473,    0.29010,    0.28912,    0.29218
 0.600;       vi_ff;    0.40441,    0.40191,    0.40397,    0.40419,    0.40191,    0.40463,    0.39898,    0.40372,    0.40372,    0.40568
 0.600;       vi_fl;    0.43940,    0.43695,    0.43906,    0.43892,    0.43666,    0.43936,    0.43431,    0.43874,    0.43842,    0.44057
 0.600;       ac_lr;    0.43185,    0.41056,    0.44483,    0.41190,    0.41604,    0.43921,    0.43684,    0.44632,    0.43140,    0.39870
 0.600;      ac_sgc;    0.42228,    0.43736,    0.44172,    0.41660,    0.43862,    0.42319,    0.43507,    0.44157,    0.43717,    0.39251
 0.600;      ac_gcn;    0.54102,    0.54470,    0.56434,    0.54040,    0.56233,    0.56101,    0.52832,    0.55176,    0.54907,    0.49715
 0.600;       ac_lp;    0.60119,    0.61803,    0.61525,    0.61130,    0.60042,    0.61330,    0.59247,    0.61783,    0.60365,    0.56437
 0.600;      ac_lgc;    0.49009,    0.49199,    0.51585,    0.47600,    0.48601,    0.50164,    0.48726,    0.51212,    0.50907,    0.46693
 0.600;    ac_lgcrp;    0.69645,    0.70585,    0.70955,    0.69711,    0.70373,    0.70679,    0.68869,    0.71725,    0.71572,    0.65571
 0.600;    ac_sgcrp;    0.64629,    0.65441,    0.66414,    0.64738,    0.65099,    0.66507,    0.64465,    0.66093,    0.65430,    0.59150
 0.600;    ac_gcnrp;    0.65385,    0.66439,    0.67436,    0.65784,    0.66715,    0.67105,    0.65053,    0.66552,    0.66249,    0.59984
 0.600;      Kx_sgc;    1.00000,    1.00000,    1.00000,    1.00000,    1.00000,    1.00000,    1.00000,    1.00000,    1.00000,    1.00000
 0.600;      Kx_gcn;    2.00000,    2.00000,    2.00000,    2.00000,    2.00000,    2.00000,    2.00000,    2.00000,    2.00000,    2.00000
 0.600;       αx_lp;    0.99900,    0.99900,    0.99900,    0.99900,    0.99900,    0.99900,    0.99900,    0.99900,    0.99900,    0.99900
 0.600;      αx_lgc;    0.70000,    0.70000,    0.70000,    0.70000,    0.70000,    0.70000,    0.70000,    0.70000,    0.70000,    0.70000
 0.600;    αx_lgcrp;    0.85000,    0.85000,    0.85000,    0.85000,    0.85000,    0.85000,    0.85000,    0.85000,    0.85000,    0.85000
 0.600;    αx_sgcrp;    0.99900,    0.99900,    0.99900,    0.99900,    0.99900,    0.99900,    0.99900,    0.99900,    0.99900,    0.99900
 0.600;    αx_gcnrp;    0.99900,    0.99900,    0.99900,    0.99900,    0.99900,    0.99900,    0.99900,    0.99900,    0.99900,    0.99900
